-2.5 -2.5 136.719 -162.5
-2.5 -2.4 132.812 -153.65
-2.5 -2.3 128.906 -145.1
-2.5 -2.2 125 -136.85
-2.5 -2.1 121.094 -128.9
-2.5 -2 117.188 -121.25
-2.5 -1.9 113.281 -113.9
-2.5 -1.8 109.375 -106.85
-2.5 -1.7 105.469 -100.1
-2.5 -1.6 101.562 -93.65
-2.5 -1.5 97.6562 -87.5
-2.5 -1.4 93.75 -81.65
-2.5 -1.3 89.8438 -76.1
-2.5 -1.2 85.9375 -70.85
-2.5 -1.1 82.0312 -65.9
-2.5 -1 78.125 -61.25
-2.5 -0.9 74.2188 -56.9
-2.5 -0.8 70.3125 -52.85
-2.5 -0.7 66.4062 -49.1
-2.5 -0.6 62.5 -45.65
-2.5 -0.5 58.5938 -42.5
-2.5 -0.4 54.6875 -39.65
-2.5 -0.3 50.7812 -37.1
-2.5 -0.2 46.875 -34.85
-2.5 -0.1 42.9688 -32.9
-2.5 0 39.0625 -31.25
-2.5 0.1 35.1562 -29.9
-2.5 0.2 31.25 -28.85
-2.5 0.3 27.3438 -28.1
-2.5 0.4 23.4375 -27.65
-2.5 0.5 19.5312 -27.5
-2.5 0.6 15.625 -27.65
-2.5 0.7 11.7187 -28.1
-2.5 0.8 7.8125 -28.85
-2.5 0.9 3.90625 -29.9
-2.5 1 0 -31.25
-2.5 1.1 -3.90625 -32.9
-2.5 1.2 -7.8125 -34.85
-2.5 1.3 -11.7188 -37.1
-2.5 1.4 -15.625 -39.65
-2.5 1.5 -19.5312 -42.5
-2.5 1.6 -23.4375 -45.65
-2.5 1.7 -27.3438 -49.1
-2.5 1.8 -31.25 -52.85
-2.5 1.9 -35.1563 -56.9
-2.5 2 -39.0625 -61.25
-2.5 2.1 -42.9688 -65.9
-2.5 2.2 -46.875 -70.85
-2.5 2.3 -50.7813 -76.1
-2.5 2.4 -54.6875 -81.65
-2.5 2.5 -58.5938 -87.5

-2.4 -2.5 116.122 -153.648
-2.4 -2.4 114.009 -145.152
-2.4 -2.3 111.495 -136.944
-2.4 -2.2 108.765 -129.024
-2.4 -2.1 105.9 -121.392
-2.4 -2 102.943 -114.048
-2.4 -1.9 99.9164 -106.992
-2.4 -1.8 96.835 -100.224
-2.4 -1.7 93.7077 -93.744
-2.4 -1.6 90.5405 -87.552
-2.4 -1.5 87.3375 -81.648
-2.4 -1.4 84.1017 -76.032
-2.4 -1.3 80.8351 -70.704
-2.4 -1.2 77.5392 -65.664
-2.4 -1.1 74.2151 -60.912
-2.4 -1 70.8638 -56.448
-2.4 -0.9 67.486 -52.272
-2.4 -0.8 64.0824 -48.384
-2.4 -0.7 60.6534 -44.784
-2.4 -0.6 57.1997 -41.472
-2.4 -0.5 53.7218 -38.448
-2.4 -0.4 50.2202 -35.712
-2.4 -0.3 46.6955 -33.264
-2.4 -0.2 43.1485 -31.104
-2.4 -0.1 39.5797 -29.232
-2.4 0 35.99 -27.648
-2.4 0.1 32.3802 -26.352
-2.4 0.2 28.7514 -25.344
-2.4 0.3 25.1046 -24.624
-2.4 0.4 21.441 -24.192
-2.4 0.5 17.7621 -24.048
-2.4 0.6 14.0695 -24.192
-2.4 0.7 10.365 -24.624
-2.4 0.8 6.6507 -25.344
-2.4 0.9 2.92913 -26.352
-2.4 1 -0.79688 -27.648
-2.4 1.1 -4.52395 -29.232
-2.4 1.2 -8.24807 -31.104
-2.4 1.3 -11.9645 -33.264
-2.4 1.4 -15.6673 -35.712
-2.4 1.5 -19.3495 -38.448
-2.4 1.6 -23.0021 -41.472
-2.4 1.7 -26.6141 -44.784
-2.4 1.8 -30.1709 -48.384
-2.4 1.9 -33.6531 -52.272
-2.4 2 -37.0345 -56.448
-2.4 2.1 -40.2769 -60.912
-2.4 2.2 -43.3221 -65.664
-2.4 2.3 -46.0735 -70.704
-2.4 2.4 -48.3511 -76.032
-2.4 2.5 -49.7664 -81.648

-2.3 -2.5 97.9444 -145.084
-2.3 -2.4 97.0569 -136.942
-2.3 -2.3 95.6693 -129.076
-2.3 -2.2 93.9538 -121.486
-2.3 -2.1 92.013 -114.172
-2.3 -2 89.9079 -107.134
-2.3 -1.9 87.6765 -100.372
-2.3 -1.8 85.3432 -93.886
-2.3 -1.7 82.924 -87.676
-2.3 -1.6 80.4298 -81.742
-2.3 -1.5 77.8682 -76.084
-2.3 -1.4 75.2446 -70.702
-2.3 -1.3 72.5628 -65.596
-2.3 -1.2 69.8256 -60.766
-2.3 -1.1 67.0354 -56.212
-2.3 -1 64.1937 -51.934
-2.3 -0.9 61.3019 -47.932
-2.3 -0.8 58.3614 -44.206
-2.3 -0.7 55.3732 -40.756
-2.3 -0.6 52.3383 -37.582
-2.3 -0.5 49.2579 -34.684
-2.3 -0.4 46.133 -32.062
-2.3 -0.3 42.9649 -29.716
-2.3 -0.2 39.7547 -27.646
-2.3 -0.1 36.5039 -25.852
-2.3 0 33.214 -24.334
-2.3 0.1 29.8868 -23.092
-2.3 0.2 26.5242 -22.126
-2.3 0.3 23.1284 -21.436
-2.3 0.4 19.7018 -21.022
-2.3 0.5 16.2472 -20.884
-2.3 0.6 12.7678 -21.022
-2.3 0.7 9.26723 -21.436
-2.3 0.8 5.74968 -22.126
-2.3 0.9 2.21999 -23.092
-2.3 1 -1.3162 -24.334
-2.3 1.1 -4.85225 -25.852
-2.3 1.2 -8.38032 -27.646
-2.3 1.3 -11.891 -29.716
-2.3 1.4 -15.3731 -32.062
-2.3 1.5 -18.8127 -34.684
-2.3 1.6 -22.1928 -37.582
-2.3 1.7 -25.4918 -40.756
-2.3 1.8 -28.6823 -44.206
-2.3 1.9 -31.7283 -47.932
-2.3 2 -34.581 -51.934
-2.3 2.1 -37.173 -56.212
-2.3 2.2 -39.4063 -60.766
-2.3 2.3 -41.1325 -65.596
-2.3 2.4 -42.1165 -70.702
-2.3 2.5 -41.9762 -76.084

-2.2 -2.5 81.9896 -136.796
-2.2 -2.4 81.9749 -129.008
-2.2 -2.3 81.4622 -121.484
-2.2 -2.2 80.5835 -114.224
-2.2 -2.1 79.4319 -107.228
-2.2 -2 78.0706 -100.496
-2.2 -1.9 76.5423 -94.028
-2.2 -1.8 74.8761 -87.824
-2.2 -1.7 73.092 -81.884
-2.2 -1.6 71.204 -76.208
-2.2 -1.5 69.2218 -70.796
-2.2 -1.4 67.1527 -65.648
-2.2 -1.3 65.0018 -60.764
-2.2 -1.2 62.773 -56.144
-2.2 -1.1 60.4692 -51.788
-2.2 -1 58.0929 -47.696
-2.2 -0.9 55.6461 -43.868
-2.2 -0.8 53.1303 -40.304
-2.2 -0.7 50.5472 -37.004
-2.2 -0.6 47.8984 -33.968
-2.2 -0.5 45.1854 -31.196
-2.2 -0.4 42.4099 -28.688
-2.2 -0.3 39.5734 -26.444
-2.2 -0.2 36.678 -24.464
-2.2 -0.1 33.7257 -22.748
-2.2 0 30.7188 -21.296
-2.2 0.1 27.6598 -20.108
-2.2 0.2 24.5516 -19.184
-2.2 0.3 21.3974 -18.524
-2.2 0.4 18.2008 -18.128
-2.2 0.5 14.9659 -17.996
-2.2 0.6 11.6975 -18.128
-2.2 0.7 8.40085 -18.524
-2.2 0.8 5.08207 -19.184
-2.2 0.9 1.74827 -20.108
-2.2 1 -1.5923 -21.296
-2.2 1.1 -4.93 -22.748
-2.2 1.2 -8.25344 -24.464
-2.2 1.3 -11.5491 -26.444
-2.2 1.4 -14.8007 -28.688
-2.2 1.5 -17.9886 -31.196
-2.2 1.6 -21.0886 -33.968
-2.2 1.7 -24.0705 -37.004
-2.2 1.8 -26.8963 -40.304
-2.2 1.9 -29.5172 -43.868
-2.2 2 -31.8689 -47.696
-2.2 2.1 -33.8657 -51.788
-2.2 2.2 -35.3899 -56.144
-2.2 2.3 -36.2778 -60.764
-2.2 2.4 -36.2992 -65.648
-2.2 2.5 -35.1384 -70.796

-2.1 -2.5 68.0684 -128.772
-2.1 -2.4 68.6811 -121.338
-2.1 -2.3 68.8361 -114.156
-2.1 -2.2 68.6283 -107.226
-2.1 -2.1 68.1328 -100.548
-2.1 -2 67.4052 -94.122
-2.1 -1.9 66.4863 -87.948
-2.1 -1.8 65.4053 -82.026
-2.1 -1.7 64.1829 -76.356
-2.1 -1.6 62.8343 -70.938
-2.1 -1.5 61.3704 -65.772
-2.1 -1.4 59.7992 -60.858
-2.1 -1.3 58.1264 -56.196
-2.1 -1.2 56.3568 -51.786
-2.1 -1.1 54.4936 -47.628
-2.1 -1 52.5398 -43.722
-2.1 -0.9 50.4978 -40.068
-2.1 -0.8 48.3695 -36.666
-2.1 -0.7 46.1571 -33.516
-2.1 -0.6 43.8625 -30.618
-2.1 -0.5 41.4876 -27.972
-2.1 -0.4 39.0345 -25.578
-2.1 -0.3 36.5055 -23.436
-2.1 -0.2 33.903 -21.546
-2.1 -0.1 31.2297 -19.908
-2.1 0 28.4886 -18.522
-2.1 0.1 25.683 -17.388
-2.1 0.2 22.8168 -16.506
-2.1 0.3 19.894 -15.876
-2.1 0.4 16.9193 -15.498
-2.1 0.5 13.8983 -15.372
-2.1 0.6 10.8368 -15.498
-2.1 0.7 7.74182 -15.876
-2.1 0.8 4.62133 -16.506
-2.1 0.9 1.48442 -17.388
-2.1 1 -1.6583 -18.522
-2.1 1.1 -4.79451 -19.908
-2.1 1.2 -7.90971 -21.546
-2.1 1.3 -10.9868 -23.436
-2.1 1.4 -14.0052 -25.578
-2.1 1.5 -16.9405 -27.972
-2.1 1.6 -19.7628 -30.618
-2.1 1.7 -22.4352 -33.516
-2.1 1.8 -24.9123 -36.666
-2.1 1.9 -27.1365 -40.068
-2.1 2 -29.0349 -43.722
-2.1 2.1 -30.513 -47.628
-2.1 2.2 -31.4485 -51.786
-2.1 2.3 -31.6819 -56.196
-2.1 2.4 -31.0078 -60.858
-2.1 2.5 -29.1722 -65.772

-2 -2.5 56 -121
-2 -2.4 57.0584 -113.92
-2 -2.3 57.7144 -107.08
-2 -2.2 58.0334 -100.48
-2 -2.1 58.0711 -94.12
-2 -2 57.8725 -88
-2 -1.9 57.4721 -82.12
-2 -1.8 56.896 -76.48
-2 -1.7 56.1637 -71.08
-2 -1.6 55.2895 -65.92
-2 -1.5 54.2842 -61
-2 -1.4 53.1557 -56.32
-2 -1.3 51.9101 -51.88
-2 -1.2 50.5519 -47.68
-2 -1.1 49.085 -43.72
-2 -1 47.5123 -40
-2 -0.9 45.8364 -36.52
-2 -0.8 44.0597 -33.28
-2 -0.7 42.1844 -30.28
-2 -0.6 40.213 -27.52
-2 -0.5 38.1476 -25
-2 -0.4 35.9908 -22.72
-2 -0.3 33.7454 -20.68
-2 -0.2 31.4142 -18.88
-2 -0.1 29.0005 -17.32
-2 0 26.5081 -16
-2 0.1 23.9409 -14.92
-2 0.2 21.3036 -14.08
-2 0.3 18.6011 -13.48
-2 0.4 15.8394 -13.12
-2 0.5 13.0247 -13
-2 0.6 10.1645 -13.12
-2 0.7 7.26711 -13.48
-2 0.8 4.34205 -14.08
-2 0.9 1.40028 -14.92
-2 1 -1.54561 -16
-2 1.1 -4.48095 -17.32
-2 1.2 -7.38865 -18.88
-2 1.3 -10.2486 -20.68
-2 1.4 -13.0371 -22.72
-2 1.5 -15.7258 -25
-2 1.6 -18.2805 -27.52
-2 1.7 -20.6602 -30.28
-2 1.8 -22.8143 -33.28
-2 1.9 -24.6811 -36.52
-2 2 -26.1838 -40
-2 2.1 -27.2268 -43.72
-2 2.2 -27.6915 -47.68
-2 2.3 -27.4313 -51.88
-2 2.4 -26.2693 -56.32
-2 2.5 -24 -61

-1.9 -2.5 45.6124 -113.468
-1.9 -2.4 46.9774 -106.742
-1.9 -2.3 48.0008 -100.244
-1.9 -2.2 48.7245 -93.974
-1.9 -2.1 49.1872 -87.932
-1.9 -2 49.4217 -82.118
-1.9 -1.9 49.4549 -76.532
-1.9 -1.8 49.308 -71.174
-1.9 -1.7 48.9972 -66.044
-1.9 -1.6 48.5352 -61.142
-1.9 -1.5 47.9312 -56.468
-1.9 -1.4 47.1927 -52.022
-1.9 -1.3 46.3251 -47.804
-1.9 -1.2 45.3328 -43.814
-1.9 -1.1 44.2194 -40.052
-1.9 -1 42.9879 -36.518
-1.9 -0.9 41.641 -33.212
-1.9 -0.8 40.1812 -30.134
-1.9 -0.7 38.6109 -27.284
-1.9 -0.6 36.9326 -24.662
-1.9 -0.5 35.1491 -22.268
-1.9 -0.4 33.2631 -20.102
-1.9 -0.3 31.2778 -18.164
-1.9 -0.2 29.1966 -16.454
-1.9 -0.1 27.0234 -14.972
-1.9 0 24.7624 -13.718
-1.9 0.1 22.4182 -12.692
-1.9 0.2 19.9963 -11.894
-1.9 0.3 17.5025 -11.324
-1.9 0.4 14.9435 -10.982
-1.9 0.5 12.3267 -10.868
-1.9 0.6 9.66063 -10.982
-1.9 0.7 6.95487 -11.324
-1.9 0.8 4.22031 -11.894
-1.9 0.9 1.46944 -12.692
-1.9 1 -1.28345 -13.718
-1.9 1.1 -4.02182 -14.972
-1.9 1.2 -6.72652 -16.454
-1.9 1.3 -9.3752 -18.164
-1.9 1.4 -11.9416 -20.102
-1.9 1.5 -14.3949 -22.268
-1.9 1.6 -16.6982 -24.662
-1.9 1.7 -18.8078 -27.284
-1.9 1.8 -20.671 -30.134
-1.9 1.9 -22.2247 -33.212
-1.9 2 -23.3922 -36.518
-1.9 2.1 -24.0816 -40.052
-1.9 2.2 -24.1824 -43.814
-1.9 2.3 -23.5639 -47.804
-1.9 2.4 -22.0751 -52.022
-1.9 2.5 -19.5482 -56.468

-1.8 -2.5 36.7416 -106.164
-1.8 -2.4 38.3056 -99.792
-1.8 -2.3 39.5895 -93.636
-1.8 -2.2 40.6166 -87.696
-1.8 -2.1 41.4107 -81.972
-1.8 -2 41.9934 -76.464
-1.8 -1.9 42.3832 -71.172
-1.8 -1.8 42.5955 -66.096
-1.8 -1.7 42.6426 -61.236
-1.8 -1.6 42.5341 -56.592
-1.8 -1.5 42.2776 -52.164
-1.8 -1.4 41.879 -47.952
-1.8 -1.3 41.3428 -43.956
-1.8 -1.2 40.673 -40.176
-1.8 -1.1 39.8725 -36.612
-1.8 -1 38.9442 -33.264
-1.8 -0.9 37.8908 -30.132
-1.8 -0.8 36.7146 -27.216
-1.8 -0.7 35.4182 -24.516
-1.8 -0.6 34.0043 -22.032
-1.8 -0.5 32.4757 -19.764
-1.8 -0.4 30.8358 -17.712
-1.8 -0.3 29.0878 -15.876
-1.8 -0.2 27.2357 -14.256
-1.8 -0.1 25.2839 -12.852
-1.8 0 23.2369 -11.664
-1.8 0.1 21.1003 -10.692
-1.8 0.2 18.8799 -9.936
-1.8 0.3 16.5823 -9.396
-1.8 0.4 14.2151 -9.072
-1.8 0.5 11.7867 -8.964
-1.8 0.6 9.30628 -9.072
-1.8 0.7 6.78466 -9.396
-1.8 0.8 4.23384 -9.936
-1.8 0.9 1.66753 -10.692
-1.8 1 -0.898613 -11.664
-1.8 1.1 -3.44664 -12.852
-1.8 1.2 -5.95587 -14.256
-1.8 1.3 -8.40237 -15.876
-1.8 1.4 -10.7583 -17.712
-1.8 1.5 -12.9912 -19.764
-1.8 1.6 -15.063 -22.032
-1.8 1.7 -16.9288 -24.516
-1.8 1.8 -18.536 -27.216
-1.8 1.9 -19.8221 -30.132
-1.8 2 -20.7137 -33.264
-1.8 2.1 -21.1246 -36.612
-1.8 2.2 -20.9545 -40.176
-1.8 2.3 -20.0886 -43.956
-1.8 2.4 -18.3987 -47.952
-1.8 2.5 -15.7464 -52.164

-1.7 -2.5 29.2324 -99.076
-1.7 -2.4 30.9119 -93.058
-1.7 -2.3 32.3712 -87.244
-1.7 -2.2 33.6188 -81.634
-1.7 -2.1 34.6655 -76.228
-1.7 -2 35.5226 -71.026
-1.7 -1.9 36.2008 -66.028
-1.7 -1.8 36.7093 -61.234
-1.7 -1.7 37.056 -56.644
-1.7 -1.6 37.2471 -52.258
-1.7 -1.5 37.2879 -48.076
-1.7 -1.4 37.1824 -44.098
-1.7 -1.3 36.934 -40.324
-1.7 -1.2 36.5455 -36.754
-1.7 -1.1 36.0196 -33.388
-1.7 -1 35.3585 -30.226
-1.7 -0.9 34.5646 -27.268
-1.7 -0.8 33.6403 -24.514
-1.7 -0.7 32.5881 -21.964
-1.7 -0.6 31.4109 -19.618
-1.7 -0.5 30.1115 -17.476
-1.7 -0.4 28.6935 -15.538
-1.7 -0.3 27.1607 -13.804
-1.7 -0.2 25.5173 -12.274
-1.7 -0.1 23.7679 -10.948
-1.7 0 21.9179 -9.826
-1.7 0.1 19.973 -8.908
-1.7 0.2 17.9399 -8.194
-1.7 0.3 15.8258 -7.684
-1.7 0.4 13.6388 -7.378
-1.7 0.5 11.3881 -7.276
-1.7 0.6 9.0839 -7.378
-1.7 0.7 6.73761 -7.684
-1.7 0.8 4.36222 -8.194
-1.7 0.9 1.97239 -8.908
-1.7 1 -0.415253 -9.826
-1.7 1.1 -2.78174 -10.948
-1.7 1.2 -5.1054 -12.274
-1.7 1.3 -7.36133 -13.804
-1.7 1.4 -9.5209 -15.538
-1.7 1.5 -11.551 -17.476
-1.7 1.6 -13.4133 -19.618
-1.7 1.7 -15.0635 -21.964
-1.7 1.8 -16.4499 -24.514
-1.7 1.9 -17.5128 -27.268
-1.7 2 -18.1833 -30.226
-1.7 2.1 -18.3825 -33.388
-1.7 2.2 -18.0206 -36.754
-1.7 2.3 -16.9978 -40.324
-1.7 2.4 -15.2053 -44.098
-1.7 2.5 -12.5282 -48.076

-1.6 -2.5 22.9376 -92.192
-1.6 -2.4 24.6692 -86.528
-1.6 -2.3 26.2374 -81.056
-1.6 -2.2 27.6383 -75.776
-1.6 -2.1 28.8721 -70.688
-1.6 -2 29.9411 -65.792
-1.6 -1.9 30.8484 -61.088
-1.6 -1.8 31.5974 -56.576
-1.6 -1.7 32.1914 -52.256
-1.6 -1.6 32.6332 -48.128
-1.6 -1.5 32.9253 -44.192
-1.6 -1.4 33.0697 -40.448
-1.6 -1.3 33.0684 -36.896
-1.6 -1.2 32.9232 -33.536
-1.6 -1.1 32.6357 -30.368
-1.6 -1 32.2079 -27.392
-1.6 -0.9 31.6416 -24.608
-1.6 -0.8 30.9391 -22.016
-1.6 -0.7 30.1029 -19.616
-1.6 -0.6 29.1357 -17.408
-1.6 -0.5 28.0407 -15.392
-1.6 -0.4 26.8216 -13.568
-1.6 -0.3 25.4823 -11.936
-1.6 -0.2 24.0275 -10.496
-1.6 -0.1 22.4621 -9.248
-1.6 0 20.7919 -8.192
-1.6 0.1 19.0231 -7.328
-1.6 0.2 17.1629 -6.656
-1.6 0.3 15.219 -6.176
-1.6 0.4 13.2001 -5.888
-1.6 0.5 11.1159 -5.792
-1.6 0.6 8.97736 -5.888
-1.6 0.7 6.79651 -6.176
-1.6 0.8 4.587 -6.656
-1.6 0.9 2.36413 -7.328
-1.6 1 0.145217 -8.192
-1.6 1.1 -2.05019 -9.248
-1.6 1.2 -4.19989 -10.496
-1.6 1.3 -6.27862 -11.936
-1.6 1.4 -8.25757 -13.568
-1.6 1.5 -10.1038 -15.392
-1.6 1.6 -11.7797 -17.408
-1.6 1.7 -13.2422 -19.616
-1.6 1.8 -14.442 -22.016
-1.6 1.9 -15.3232 -24.608
-1.6 2 -15.8221 -27.392
-1.6 2.1 -15.8675 -30.368
-1.6 2.2 -15.3801 -33.536
-1.6 2.3 -14.2735 -36.896
-1.6 2.4 -12.4555 -40.448
-1.6 2.5 -9.8304 -44.192

-1.5 -2.5 17.7188 -85.5
-1.5 -2.4 19.4554 -80.19
-1.5 -2.3 21.0814 -75.06
-1.5 -2.2 22.5827 -70.11
-1.5 -2.1 23.9506 -65.34
-1.5 -2 25.1792 -60.75
-1.5 -1.9 26.2652 -56.34
-1.5 -1.8 27.2064 -52.11
-1.5 -1.7 28.0016 -48.06
-1.5 -1.6 28.6503 -44.19
-1.5 -1.5 29.1522 -40.5
-1.5 -1.4 29.5073 -36.99
-1.5 -1.3 29.7159 -33.66
-1.5 -1.2 29.7785 -30.51
-1.5 -1.1 29.696 -27.54
-1.5 -1 29.4697 -24.75
-1.5 -0.9 29.101 -22.14
-1.5 -0.8 28.5919 -19.71
-1.5 -0.7 27.9448 -17.46
-1.5 -0.6 27.1625 -15.39
-1.5 -0.5 26.2481 -13.5
-1.5 -0.4 25.2055 -11.79
-1.5 -0.3 24.0389 -10.26
-1.5 -0.2 22.7531 -8.91
-1.5 -0.1 21.3536 -7.74
-1.5 0 19.8463 -6.75
-1.5 0.1 18.238 -5.94
-1.5 0.2 16.5361 -5.31
-1.5 0.3 14.7489 -4.86
-1.5 0.4 12.8855 -4.59
-1.5 0.5 10.9561 -4.5
-1.5 0.6 8.97199 -4.59
-1.5 0.7 6.94584 -4.86
-1.5 0.8 4.89167 -5.31
-1.5 0.9 2.82522 -5.94
-1.5 1 0.764106 -6.75
-1.5 1.1 -1.27187 -7.74
-1.5 1.2 -3.26039 -8.91
-1.5 1.3 -5.17632 -10.26
-1.5 1.4 -6.99125 -11.79
-1.5 1.5 -8.67305 -13.5
-1.5 1.6 -10.1854 -15.39
-1.5 1.7 -11.4874 -17.46
-1.5 1.8 -12.5327 -19.71
-1.5 1.9 -13.2697 -22.14
-1.5 2 -13.6405 -24.75
-1.5 2.1 -13.5816 -27.54
-1.5 2.2 -13.0234 -30.51
-1.5 2.3 -11.8917 -33.66
-1.5 2.4 -10.1084 -36.99
-1.5 2.5 -7.59375 -40.5

-1.4 -2.5 13.4456 -78.988
-1.4 -2.4 15.1545 -74.032
-1.4 -2.3 16.8006 -69.244
-1.4 -2.2 18.3619 -64.624
-1.4 -2.1 19.8217 -60.172
-1.4 -2 21.1676 -55.888
-1.4 -1.9 22.3902 -51.772
-1.4 -1.8 23.4824 -47.824
-1.4 -1.7 24.4391 -44.044
-1.4 -1.6 25.2563 -40.432
-1.4 -1.5 25.9311 -36.988
-1.4 -1.4 26.4614 -33.712
-1.4 -1.3 26.8459 -30.604
-1.4 -1.2 27.084 -27.664
-1.4 -1.1 27.1756 -24.892
-1.4 -1 27.1213 -22.288
-1.4 -0.9 26.9222 -19.852
-1.4 -0.8 26.5799 -17.584
-1.4 -0.7 26.0966 -15.484
-1.4 -0.6 25.4751 -13.552
-1.4 -0.5 24.7187 -11.788
-1.4 -0.4 23.8313 -10.192
-1.4 -0.3 22.8173 -8.764
-1.4 -0.2 21.6817 -7.504
-1.4 -0.1 20.4303 -6.412
-1.4 0 19.0694 -5.488
-1.4 0.1 17.6059 -4.732
-1.4 0.2 16.0478 -4.144
-1.4 0.3 14.4036 -3.724
-1.4 0.4 12.6828 -3.472
-1.4 0.5 10.8959 -3.388
-1.4 0.6 9.0546 -3.472
-1.4 0.7 7.17179 -3.724
-1.4 0.8 5.26175 -4.144
-1.4 0.9 3.34037 -4.732
-1.4 1 1.42536 -5.488
-1.4 1.1 -0.463572 -6.412
-1.4 1.2 -2.30438 -7.504
-1.4 1.3 -4.07242 -8.764
-1.4 1.4 -5.74015 -10.192
-1.4 1.5 -7.27672 -11.788
-1.4 1.6 -8.64768 -13.552
-1.4 1.7 -9.81458 -15.484
-1.4 1.8 -10.7347 -17.584
-1.4 1.9 -11.3608 -19.852
-1.4 2 -11.6412 -22.288
-1.4 2.1 -11.5194 -24.892
-1.4 2.2 -10.9352 -27.664
-1.4 2.3 -9.82492 -30.604
-1.4 2.4 -8.12273 -33.712
-1.4 2.5 -5.7624 -36.988

-1.3 -2.5 9.99635 -72.644
-1.3 -2.4 11.6567 -68.042
-1.3 -2.3 13.2972 -63.596
-1.3 -2.2 14.8889 -59.306
-1.3 -2.1 16.4086 -55.172
-1.3 -2 17.8382 -51.194
-1.3 -1.9 19.1633 -47.372
-1.3 -1.8 20.3724 -43.706
-1.3 -1.7 21.4566 -40.196
-1.3 -1.6 22.409 -36.842
-1.3 -1.5 23.2243 -33.644
-1.3 -1.4 23.8984 -30.602
-1.3 -1.3 24.4284 -27.716
-1.3 -1.2 24.8127 -24.986
-1.3 -1.1 25.0501 -22.412
-1.3 -1 25.1407 -19.994
-1.3 -0.9 25.0851 -17.732
-1.3 -0.8 24.8847 -15.626
-1.3 -0.7 24.5415 -13.676
-1.3 -0.6 24.0582 -11.882
-1.3 -0.5 23.4383 -10.244
-1.3 -0.4 22.6856 -8.762
-1.3 -0.3 21.8048 -7.436
-1.3 -0.2 20.8012 -6.266
-1.3 -0.1 19.6807 -5.252
-1.3 0 18.4498 -4.394
-1.3 0.1 17.1159 -3.692
-1.3 0.2 15.687 -3.146
-1.3 0.3 14.1721 -2.756
-1.3 0.4 12.5808 -2.522
-1.3 0.5 10.924 -2.444
-1.3 0.6 9.21346 -2.522
-1.3 0.7 7.46221 -2.756
-1.3 0.8 5.6846 -3.146
-1.3 0.9 3.8965 -3.692
-1.3 1 2.11541 -4.394
-1.3 1.1 0.360731 -5.252
-1.3 1.2 -1.34607 -6.266
-1.3 1.3 -2.9812 -7.436
-1.3 1.4 -4.51828 -8.762
-1.3 1.5 -5.92813 -10.244
-1.3 1.6 -7.17845 -11.882
-1.3 1.7 -8.2337 -13.676
-1.3 1.8 -9.05484 -15.626
-1.3 1.9 -9.59932 -17.732
-1.3 2 -9.82109 -19.994
-1.3 2.1 -9.67084 -22.412
-1.3 2.2 -9.0965 -24.986
-1.3 2.3 -8.04396 -27.716
-1.3 2.4 -6.45809 -30.602
-1.3 2.5 -4.28415 -33.644

-1.2 -2.5 7.2576 -66.456
-1.2 -2.4 8.85948 -62.208
-1.2 -2.3 10.4787 -58.104
-1.2 -2.2 12.0808 -54.144
-1.2 -2.1 13.6374 -50.328
-1.2 -2 15.1254 -46.656
-1.2 -1.9 16.5261 -43.128
-1.2 -1.8 17.8243 -39.744
-1.2 -1.7 19.0079 -36.504
-1.2 -1.6 20.0674 -33.408
-1.2 -1.5 20.9951 -30.456
-1.2 -1.4 21.7854 -27.648
-1.2 -1.3 22.434 -24.984
-1.2 -1.2 22.938 -22.464
-1.2 -1.1 23.2957 -20.088
-1.2 -1 23.5063 -17.856
-1.2 -0.9 23.5703 -15.768
-1.2 -0.8 23.4886 -13.824
-1.2 -0.7 23.2632 -12.024
-1.2 -0.6 22.8969 -10.368
-1.2 -0.5 22.393 -8.856
-1.2 -0.4 21.7556 -7.488
-1.2 -0.3 20.9896 -6.264
-1.2 -0.2 20.1003 -5.184
-1.2 -0.1 19.0939 -4.248
-1.2 0 17.9772 -3.456
-1.2 0.1 16.7577 -2.808
-1.2 0.2 15.4438 -2.304
-1.2 0.3 14.0445 -1.944
-1.2 0.4 12.5697 -1.728
-1.2 0.5 11.0303 -1.656
-1.2 0.6 9.43826 -1.728
-1.2 0.7 7.80655 -1.944
-1.2 0.8 6.14943 -2.304
-1.2 0.9 4.48254 -2.808
-1.2 1 2.82301 -3.456
-1.2 1.1 1.18969 -4.248
-1.2 1.2 -0.39677 -5.184
-1.2 1.3 -1.91365 -6.264
-1.2 1.4 -3.33603 -7.488
-1.2 1.5 -4.63659 -8.856
-1.2 1.6 -5.78548 -10.368
-1.2 1.7 -6.75017 -12.024
-1.2 1.8 -7.49539 -13.824
-1.2 1.9 -7.9832 -15.768
-1.2 2 -8.17307 -17.856
-1.2 2.1 -8.02223 -20.088
-1.2 2.2 -7.48614 -22.464
-1.2 2.3 -6.51916 -24.984
-1.2 2.4 -5.07552 -27.648
-1.2 2.5 -3.1104 -30.456

-1.1 -2.5 5.12435 -60.412
-1.1 -2.4 6.66703 -56.518
-1.1 -2.3 8.25856 -52.756
-1.1 -2.2 9.85982 -49.126
-1.1 -2.1 11.4382 -45.628
-1.1 -2 12.9665 -42.262
-1.1 -1.9 14.4227 -39.028
-1.1 -1.8 15.7883 -35.926
-1.1 -1.7 17.0486 -32.956
-1.1 -1.6 18.1916 -30.118
-1.1 -1.5 19.2081 -27.412
-1.1 -1.4 20.0907 -24.838
-1.1 -1.3 20.8341 -22.396
-1.1 -1.2 21.4343 -20.086
-1.1 -1.1 21.8891 -17.908
-1.1 -1 22.1973 -15.862
-1.1 -0.9 22.3587 -13.948
-1.1 -0.8 22.3744 -12.166
-1.1 -0.7 22.2462 -10.516
-1.1 -0.6 21.9768 -8.998
-1.1 -0.5 21.5697 -7.612
-1.1 -0.4 21.0292 -6.358
-1.1 -0.3 20.3602 -5.236
-1.1 -0.2 19.5683 -4.246
-1.1 -0.1 18.6599 -3.388
-1.1 0 17.6419 -2.662
-1.1 0.1 16.5221 -2.068
-1.1 0.2 15.309 -1.606
-1.1 0.3 14.0118 -1.276
-1.1 0.4 12.6404 -1.078
-1.1 0.5 11.2059 -1.012
-1.1 0.6 9.72002 -1.078
-1.1 0.7 8.19575 -1.276
-1.1 0.8 6.64709 -1.606
-1.1 0.9 5.0893 -2.068
-1.1 1 3.53899 -2.662
-1.1 1.1 2.01426 -3.388
-1.1 1.2 0.534797 -4.246
-1.1 1.3 -0.877959 -5.236
-1.1 1.4 -2.20071 -6.358
-1.1 1.5 -3.40818 -7.612
-1.1 1.6 -4.47304 -8.998
-1.1 1.7 -5.36586 -10.516
-1.1 1.8 -6.05513 -12.166
-1.1 1.9 -6.50734 -13.948
-1.1 2 -6.68722 -15.862
-1.1 2.1 -6.55801 -17.908
-1.1 2.2 -6.08201 -20.086
-1.1 2.3 -5.22118 -22.396
-1.1 2.4 -3.93794 -24.838
-1.1 2.5 -2.19615 -27.412

-1 -2.5 3.5 -54.5
-1 -2.4 4.99104 -50.96
-1 -2.3 6.55629 -47.54
-1 -2.2 8.15304 -44.24
-1 -2.1 9.74523 -41.06
-1 -2 11.3026 -38
-1 -1.9 12.8001 -35.06
-1 -1.8 14.2169 -32.24
-1 -1.7 15.536 -29.54
-1 -1.6 16.7437 -26.96
-1 -1.5 17.8291 -24.5
-1 -1.4 18.7837 -22.16
-1 -1.3 19.6012 -19.94
-1 -1.2 20.2771 -17.84
-1 -1.1 20.8083 -15.86
-1 -1 21.1935 -14
-1 -0.9 21.4324 -12.26
-1 -0.8 21.5258 -10.64
-1 -0.7 21.4755 -9.14
-1 -0.6 21.2844 -7.76
-1 -0.5 20.9561 -6.5
-1 -0.4 20.4949 -5.36
-1 -0.3 19.9061 -4.34
-1 -0.2 19.1954 -3.44
-1 -0.1 18.3693 -2.66
-1 0 17.4351 -2
-1 0.1 16.4006 -1.46
-1 0.2 15.2744 -1.04
-1 0.3 14.0659 -0.74
-1 0.4 12.7851 -0.56
-1 0.5 11.4429 -0.5
-1 0.6 10.051 -0.56
-1 0.7 8.62211 -0.74
-1 0.8 7.16994 -1.04
-1 0.9 5.70926 -1.46
-1 1 4.25602 -2
-1 1.1 2.82745 -2.66
-1 1.2 1.44212 -3.44
-1 1.3 0.120091 -4.34
-1 1.4 -1.11708 -5.36
-1 1.5 -2.24624 -6.5
-1 1.6 -3.24265 -7.76
-1 1.7 -4.07995 -9.14
-1 1.8 -4.73026 -10.64
-1 1.9 -5.16435 -12.26
-1 2 -5.35183 -14
-1 2.1 -5.26151 -15.86
-1 2.2 -4.86187 -17.84
-1 2.3 -4.12165 -19.94
-1 2.4 -3.01054 -22.16
-1 2.5 -1.5 -24.5

-0.9 -2.5 2.29635 -48.708
-0.9 -2.4 3.75054 -45.522
-0.9 -2.3 5.298 -42.444
-0.9 -2.2 6.89328 -39.474
-0.9 -2.1 8.49774 -36.612
-0.9 -2 10.0787 -33.858
-0.9 -1.9 11.6089 -31.212
-0.9 -1.8 13.0657 -28.674
-0.9 -1.7 14.4303 -26.244
-0.9 -1.6 15.6877 -23.922
-0.9 -1.5 16.8259 -21.708
-0.9 -1.4 17.8355 -19.602
-0.9 -1.3 18.7094 -17.604
-0.9 -1.2 19.4428 -15.714
-0.9 -1.1 20.0323 -13.932
-0.9 -1 20.4762 -12.258
-0.9 -0.9 20.7742 -10.692
-0.9 -0.8 20.9272 -9.234
-0.9 -0.7 20.9371 -7.884
-0.9 -0.6 20.8069 -6.642
-0.9 -0.5 20.5403 -5.508
-0.9 -0.4 20.142 -4.482
-0.9 -0.3 19.6172 -3.564
-0.9 -0.2 18.9722 -2.754
-0.9 -0.1 18.2135 -2.052
-0.9 0 17.3485 -1.458
-0.9 0.1 16.3853 -0.972
-0.9 0.2 15.3326 -0.594
-0.9 0.3 14.1998 -0.324
-0.9 0.4 12.9968 -0.162
-0.9 0.5 11.7346 -0.108
-0.9 0.6 10.4245 -0.162
-0.9 0.7 9.07918 -0.324
-0.9 0.8 7.71173 -0.594
-0.9 0.9 6.3364 -0.972
-0.9 1 4.96839 -1.458
-0.9 1.1 3.62398 -2.052
-0.9 1.2 2.32055 -2.754
-0.9 1.3 1.07669 -3.564
-0.9 1.4 -0.0878561 -4.482
-0.9 1.5 -1.15207 -5.508
-0.9 1.6 -2.09378 -6.642
-0.9 1.7 -2.88962 -7.884
-0.9 1.8 -3.51523 -9.234
-0.9 1.9 -3.94538 -10.692
-0.9 2 -4.15424 -12.258
-0.9 2.1 -4.11572 -13.932
-0.9 2.2 -3.80391 -15.714
-0.9 2.3 -3.19362 -17.604
-0.9 2.4 -2.26097 -19.602
-0.9 2.5 -0.98415 -21.708

-0.8 -2.5 1.4336 -43.024
-0.8 -2.4 2.87209 -40.192
-0.8 -2.3 4.4164 -37.456
-0.8 -2.2 6.01916 -34.816
-0.8 -2.1 7.63989 -32.272
-0.8 -2 9.24425 -29.824
-0.8 -1.9 10.8034 -27.472
-0.8 -1.8 12.2933 -25.216
-0.8 -1.7 13.6942 -23.056
-0.8 -1.6 14.9902 -20.992
-0.8 -1.5 16.1683 -19.024
-0.8 -1.4 17.2189 -17.152
-0.8 -1.3 18.1344 -15.376
-0.8 -1.2 18.9096 -13.696
-0.8 -1.1 19.5411 -12.112
-0.8 -1 20.0273 -10.624
-0.8 -0.9 20.3679 -9.232
-0.8 -0.8 20.564 -7.936
-0.8 -0.7 20.6177 -6.736
-0.8 -0.6 20.5321 -5.632
-0.8 -0.5 20.3113 -4.624
-0.8 -0.4 19.9602 -3.712
-0.8 -0.3 19.4844 -2.896
-0.8 -0.2 18.8902 -2.176
-0.8 -0.1 18.1844 -1.552
-0.8 0 17.3747 -1.024
-0.8 0.1 16.4693 -0.592
-0.8 0.2 15.4769 -0.256
-0.8 0.3 14.407 -0.016
-0.8 0.4 13.2695 0.128
-0.8 0.5 12.0751 0.176
-0.8 0.6 10.8351 0.128
-0.8 0.7 9.56158 -0.016
-0.8 0.8 8.26735 -0.256
-0.8 0.9 6.96594 -0.592
-0.8 1 5.67175 -1.024
-0.8 1.1 4.40005 -1.552
-0.8 1.2 3.16698 -2.176
-0.8 1.3 1.98959 -2.896
-0.8 1.4 0.885865 -3.712
-0.8 1.5 -0.125345 -4.624
-0.8 1.6 -1.02434 -5.632
-0.8 1.7 -1.79069 -6.736
-0.8 1.8 -2.40332 -7.936
-0.8 1.9 -2.84079 -9.232
-0.8 2 -3.08146 -10.624
-0.8 2.1 -3.10391 -12.112
-0.8 2.2 -2.88731 -13.696
-0.8 2.3 -2.41189 -15.376
-0.8 2.4 -1.65954 -17.152
-0.8 2.5 -0.6144 -19.024

-0.7 -2.5 0.84035 -37.436
-0.7 -2.4 2.28982 -34.958
-0.7 -2.3 3.85098 -32.564
-0.7 -2.2 5.4753 -30.254
-0.7 -2.1 7.12119 -28.028
-0.7 -2 8.75328 -25.886
-0.7 -1.9 10.3419 -23.828
-0.7 -1.8 11.8621 -21.854
-0.7 -1.7 13.2938 -19.964
-0.7 -1.6 14.6204 -18.158
-0.7 -1.5 15.8288 -16.436
-0.7 -1.4 16.9089 -14.798
-0.7 -1.3 17.8534 -13.244
-0.7 -1.2 18.657 -11.774
-0.7 -1.1 19.3164 -10.388
-0.7 -1 19.8303 -9.086
-0.7 -0.9 20.1986 -7.868
-0.7 -0.8 20.4226 -6.734
-0.7 -0.7 20.5049 -5.684
-0.7 -0.6 20.4489 -4.718
-0.7 -0.5 20.259 -3.836
-0.7 -0.4 19.9404 -3.038
-0.7 -0.3 19.499 -2.324
-0.7 -0.2 18.9414 -1.694
-0.7 -0.1 18.2748 -1.148
-0.7 0 17.507 -0.686
-0.7 0.1 16.6462 -0.308
-0.7 0.2 15.7014 -0.014
-0.7 0.3 14.6819 0.196
-0.7 0.4 13.5978 0.322
-0.7 0.5 12.4594 0.364
-0.7 0.6 11.2779 0.322
-0.7 0.7 10.0649 0.196
-0.7 0.8 8.83269 -0.014
-0.7 0.9 7.59417 -0.308
-0.7 1 6.36287 -0.686
-0.7 1.1 5.15301 -1.148
-0.7 1.2 3.97947 -1.694
-0.7 1.3 2.8578 -2.324
-0.7 1.4 1.80419 -3.038
-0.7 1.5 0.83541 -3.836
-0.7 1.6 -0.031252 -4.718
-0.7 1.7 -0.77811 -5.684
-0.7 1.8 -1.38724 -6.734
-0.7 1.9 -1.84066 -7.868
-0.7 2 -2.12066 -9.086
-0.7 2.1 -2.21004 -10.388
-0.7 2.2 -2.09256 -11.774
-0.7 2.3 -1.75334 -13.244
-0.7 2.4 -1.17939 -14.798
-0.7 2.5 -0.36015 -16.436

-0.6 -2.5 0.4536 -31.932
-0.6 -2.4 1.94548 -29.808
-0.6 -2.3 3.54811 -27.756
-0.6 -2.2 5.21249 -25.776
-0.6 -2.1 6.8966 -23.868
-0.6 -2 8.56475 -22.032
-0.6 -1.9 10.1869 -20.268
-0.6 -1.8 11.7382 -18.576
-0.6 -1.7 13.1982 -16.956
-0.6 -1.6 14.5503 -15.408
-0.6 -1.5 15.7818 -13.932
-0.6 -1.4 16.8827 -12.528
-0.6 -1.3 17.8458 -11.196
-0.6 -1.2 18.6662 -9.936
-0.6 -1.1 19.3412 -8.748
-0.6 -1 19.8697 -7.632
-0.6 -0.9 20.2522 -6.588
-0.6 -0.8 20.4904 -5.616
-0.6 -0.7 20.5872 -4.716
-0.6 -0.6 20.5467 -3.888
-0.6 -0.5 20.3737 -3.132
-0.6 -0.4 20.0737 -2.448
-0.6 -0.3 19.6531 -1.836
-0.6 -0.2 19.1187 -1.296
-0.6 -0.1 18.478 -0.828
-0.6 0 17.739 -0.432
-0.6 0.1 16.9103 -0.108
-0.6 0.2 16.0007 0.144
-0.6 0.3 15.0196 0.324
-0.6 0.4 13.9771 0.432
-0.6 0.5 12.8832 0.468
-0.6 0.6 11.749 0.432
-0.6 0.7 10.5855 0.324
-0.6 0.8 9.40451 0.144
-0.6 0.9 8.21825 -0.108
-0.6 1 7.0394 -0.432
-0.6 1.1 5.88112 -0.828
-0.6 1.2 4.75703 -1.296
-0.6 1.3 3.68119 -1.836
-0.6 1.4 2.66806 -2.448
-0.6 1.5 1.7324 -3.132
-0.6 1.6 0.889211 -3.888
-0.6 1.7 0.15357 -4.716
-0.6 1.8 -0.459508 -5.616
-0.6 1.9 -0.935298 -6.588
-0.6 2 -1.25962 -7.632
-0.6 2.1 -1.41917 -8.748
-0.6 2.2 -1.40181 -9.936
-0.6 2.3 -1.19708 -11.196
-0.6 2.4 -0.796563 -12.528
-0.6 2.5 -0.1944 -13.932

-0.5 -2.5 0.21875 -26.5
-0.5 -2.4 1.78851 -24.73
-0.5 -2.3 3.46111 -23.02
-0.5 -2.2 5.18776 -21.37
-0.5 -2.1 6.92671 -19.78
-0.5 -2 8.64255 -18.25
-0.5 -1.9 10.3056 -16.78
-0.5 -1.8 11.8914 -15.37
-0.5 -1.7 13.3799 -14.02
-0.5 -1.6 14.7551 -12.73
-0.5 -1.5 16.0048 -11.5
-0.5 -1.4 17.1195 -10.33
-0.5 -1.3 18.0928 -9.22
-0.5 -1.2 18.9203 -8.17
-0.5 -1.1 19.6001 -7.18
-0.5 -1 20.1316 -6.25
-0.5 -0.9 20.5159 -5.38
-0.5 -0.8 20.7556 -4.57
-0.5 -0.7 20.8541 -3.82
-0.5 -0.6 20.816 -3.13
-0.5 -0.5 20.6467 -2.5
-0.5 -0.4 20.3522 -1.93
-0.5 -0.3 19.9392 -1.42
-0.5 -0.2 19.4151 -0.97
-0.5 -0.1 18.7877 -0.58
-0.5 0 18.0652 -0.25
-0.5 0.1 17.2562 0.02
-0.5 0.2 16.3699 0.23
-0.5 0.3 15.4157 0.38
-0.5 0.4 14.4033 0.47
-0.5 0.5 13.3428 0.5
-0.5 0.6 12.2449 0.47
-0.5 0.7 11.1203 0.38
-0.5 0.8 9.98016 0.23
-0.5 0.9 8.83602 0.02
-0.5 1 7.6997 -0.25
-0.5 1.1 6.58332 -0.58
-0.5 1.2 5.4993 -0.97
-0.5 1.3 4.46024 -1.42
-0.5 1.4 3.47894 -1.93
-0.5 1.5 2.56825 -2.5
-0.5 1.6 1.741 -3.13
-0.5 1.7 1.00984 -3.82
-0.5 1.8 0.387089 -4.57
-0.5 1.9 -0.11552 -5.38
-0.5 2 -0.487057 -6.25
-0.5 2.1 -0.717704 -7.18
-0.5 2.2 -0.799088 -8.17
-0.5 2.3 -0.724659 -9.22
-0.5 2.4 -0.490095 -10.33
-0.5 2.5 -0.09375 -11.5

-0.4 -2.5 0.0896 -21.128
-0.4 -2.4 1.77605 -19.712
-0.4 -2.3 3.5503 -18.344
-0.4 -2.2 5.36449 -17.024
-0.4 -2.1 7.17777 -15.752
-0.4 -2 8.95567 -14.528
-0.4 -1.9 10.6695 -13.352
-0.4 -1.8 12.2956 -12.224
-0.4 -1.7 13.8151 -11.144
-0.4 -1.6 15.2129 -10.112
-0.4 -1.5 16.4777 -9.128
-0.4 -1.4 17.6011 -8.192
-0.4 -1.3 18.5777 -7.304
-0.4 -1.2 19.404 -6.464
-0.4 -1.1 20.079 -5.672
-0.4 -1 20.6031 -4.928
-0.4 -0.9 20.9782 -4.232
-0.4 -0.8 21.2077 -3.584
-0.4 -0.7 21.2959 -2.984
-0.4 -0.6 21.2479 -2.432
-0.4 -0.5 21.0699 -1.928
-0.4 -0.4 20.7684 -1.472
-0.4 -0.3 20.3507 -1.064
-0.4 -0.2 19.8247 -0.704
-0.4 -0.1 19.1984 -0.392
-0.4 0 18.4803 -0.128
-0.4 0.1 17.6794 0.088
-0.4 0.2 16.8048 0.256
-0.4 0.3 15.8661 0.376
-0.4 0.4 14.8728 0.448
-0.4 0.5 13.835 0.472
-0.4 0.6 12.7629 0.448
-0.4 0.7 11.6668 0.376
-0.4 0.8 10.5575 0.256
-0.4 0.9 9.44576 0.088
-0.4 1 8.34254 -0.128
-0.4 1.1 7.25898 -0.392
-0.4 1.2 6.2063 -0.704
-0.4 1.3 5.19574 -1.064
-0.4 1.4 4.2385 -1.472
-0.4 1.5 3.34565 -1.928
-0.4 1.6 2.52799 -2.432
-0.4 1.7 1.79591 -2.984
-0.4 1.8 1.15924 -3.584
-0.4 1.9 0.626982 -4.232
-0.4 2 0.207116 -4.928
-0.4 2.1 -0.0937087 -5.672
-0.4 2.2 -0.270479 -6.464
-0.4 2.3 -0.320169 -7.304
-0.4 2.4 -0.24211 -8.192
-0.4 2.5 -0.0384 -9.128

-0.3 -2.5 0.02835 -15.804
-0.3 -2.4 1.87293 -14.742
-0.3 -2.3 3.78305 -13.716
-0.3 -2.2 5.71242 -12.726
-0.3 -2.1 7.62178 -11.772
-0.3 -2 9.47822 -10.854
-0.3 -1.9 11.2546 -9.972
-0.3 -1.8 12.9288 -9.126
-0.3 -1.7 14.4834 -8.316
-0.3 -1.6 15.9048 -7.542
-0.3 -1.5 17.1832 -6.804
-0.3 -1.4 18.3116 -6.102
-0.3 -1.3 19.2858 -5.436
-0.3 -1.2 20.1038 -4.806
-0.3 -1.1 20.7656 -4.212
-0.3 -1 21.2728 -3.654
-0.3 -0.9 21.6285 -3.132
-0.3 -0.8 21.837 -2.646
-0.3 -0.7 21.9036 -2.196
-0.3 -0.6 21.8342 -1.782
-0.3 -0.5 21.6357 -1.404
-0.3 -0.4 21.3155 -1.062
-0.3 -0.3 20.8814 -0.756
-0.3 -0.2 20.3415 -0.486
-0.3 -0.1 19.7047 -0.252
-0.3 0 18.9796 -0.054
-0.3 0.1 18.1754 0.108
-0.3 0.2 17.3014 0.234
-0.3 0.3 16.3672 0.324
-0.3 0.4 15.3824 0.378
-0.3 0.5 14.3567 0.396
-0.3 0.6 13.3002 0.378
-0.3 0.7 12.2229 0.324
-0.3 0.8 11.1348 0.234
-0.3 0.9 10.0461 0.108
-0.3 1 8.967 -0.054
-0.3 1.1 7.90769 -0.252
-0.3 1.2 6.87822 -0.486
-0.3 1.3 5.88855 -0.756
-0.3 1.4 4.9484 -1.062
-0.3 1.5 4.06714 -1.404
-0.3 1.6 3.2537 -1.782
-0.3 1.7 2.51642 -2.196
-0.3 1.8 1.86281 -2.646
-0.3 1.9 1.29941 -3.132
-0.3 2 0.831523 -3.654
-0.3 2.1 0.462948 -4.212
-0.3 2.2 0.195684 -4.806
-0.3 2.3 0.0296108 -5.436
-0.3 2.4 -0.0378584 -6.102
-0.3 2.5 -0.01215 -6.804

-0.2 -2.5 0.0056 -10.516
-0.2 -2.4 2.05171 -9.808
-0.2 -2.3 4.13374 -9.124
-0.2 -2.2 6.20767 -8.464
-0.2 -2.1 8.23647 -7.828
-0.2 -2 10.1894 -7.216
-0.2 -1.9 12.0416 -6.628
-0.2 -1.8 13.7729 -6.064
-0.2 -1.7 15.368 -5.524
-0.2 -1.6 16.8153 -5.008
-0.2 -1.5 18.1068 -4.516
-0.2 -1.4 19.2374 -4.048
-0.2 -1.3 20.2045 -3.604
-0.2 -1.2 21.0078 -3.184
-0.2 -1.1 21.6488 -2.788
-0.2 -1 22.1305 -2.416
-0.2 -0.9 22.4574 -2.068
-0.2 -0.8 22.6348 -1.744
-0.2 -0.7 22.6692 -1.444
-0.2 -0.6 22.5675 -1.168
-0.2 -0.5 22.3374 -0.916
-0.2 -0.4 21.9872 -0.688
-0.2 -0.3 21.5252 -0.484
-0.2 -0.2 20.9604 -0.304
-0.2 -0.1 20.3017 -0.148
-0.2 0 19.5585 -0.016
-0.2 0.1 18.74 0.092
-0.2 0.2 17.8559 0.176
-0.2 0.3 16.9157 0.236
-0.2 0.4 15.929 0.272
-0.2 0.5 14.9054 0.284
-0.2 0.6 13.8547 0.272
-0.2 0.7 12.7864 0.236
-0.2 0.8 11.7103 0.176
-0.2 0.9 10.6357 0.092
-0.2 1 9.57224 -0.016
-0.2 1.1 8.52906 -0.148
-0.2 1.2 7.51521 -0.304
-0.2 1.3 6.53941 -0.484
-0.2 1.4 5.61001 -0.688
-0.2 1.5 4.73483 -0.916
-0.2 1.6 3.92109 -1.168
-0.2 1.7 3.1752 -1.444
-0.2 1.8 2.50262 -1.744
-0.2 1.9 1.90764 -2.068
-0.2 2 1.39316 -2.416
-0.2 2.1 0.960409 -2.788
-0.2 2.2 0.608714 -3.184
-0.2 2.3 0.335147 -3.604
-0.2 2.4 0.134234 -4.048
-0.2 2.5 -0.0024 -4.516

-0.1 -2.5 0.00035 -5.252
-0.1 -2.4 2.29266 -4.898
-0.1 -2.3 4.58382 -4.556
-0.1 -2.2 6.83275 -4.226
-0.1 -2.1 9.00533 -3.908
-0.1 -2 11.0737 -3.602
-0.1 -1.9 13.0156 -3.308
-0.1 -1.8 14.8139 -3.026
-0.1 -1.7 16.4556 -2.756
-0.1 -1.6 17.9317 -2.498
-0.1 -1.5 19.2365 -2.252
-0.1 -1.4 20.3671 -2.018
-0.1 -1.3 21.3231 -1.796
-0.1 -1.2 22.106 -1.586
-0.1 -1.1 22.7192 -1.388
-0.1 -1 23.1674 -1.202
-0.1 -0.9 23.4564 -1.028
-0.1 -0.8 23.5932 -0.866
-0.1 -0.7 23.5852 -0.716
-0.1 -0.6 23.4408 -0.578
-0.1 -0.5 23.1685 -0.452
-0.1 -0.4 22.7774 -0.338
-0.1 -0.3 22.2768 -0.236
-0.1 -0.2 21.676 -0.146
-0.1 -0.1 20.9848 -0.068
-0.1 0 20.2127 -0.002
-0.1 0.1 19.3695 0.052
-0.1 0.2 18.4648 0.094
-0.1 0.3 17.5083 0.124
-0.1 0.4 16.5097 0.142
-0.1 0.5 15.4784 0.148
-0.1 0.6 14.4239 0.142
-0.1 0.7 13.3555 0.124
-0.1 0.8 12.2824 0.094
-0.1 0.9 11.2134 0.052
-0.1 1 10.1573 -0.002
-0.1 1.1 9.12259 -0.068
-0.1 1.2 8.11718 -0.146
-0.1 1.3 7.14872 -0.236
-0.1 1.4 6.22427 -0.338
-0.1 1.5 5.35025 -0.452
-0.1 1.6 4.5323 -0.578
-0.1 1.7 3.77511 -0.716
-0.1 1.8 3.08227 -0.866
-0.1 1.9 2.45605 -1.028
-0.1 2 1.89721 -1.202
-0.1 2.1 1.4047 -1.388
-0.1 2.2 0.97545 -1.586
-0.1 2.3 0.604069 -1.796
-0.1 2.4 0.282527 -2.018
-0.1 2.5 -0.00015 -2.252

0 -2.5 0 0
0 -2.4 2.58376 0
0 -2.3 5.12173 0
0 -2.2 7.57649 0
0 -2.1 9.91751 0
0 -2 12.1205 0
0 -1.9 14.1665 0
0 -1.8 16.0418 0
0 -1.7 17.7364 0
0 -1.6 19.2445 0
0 -1.5 20.563 0
0 -1.4 21.6917 0
0 -1.3 22.6327 0
0 -1.2 23.3899 0
0 -1.1 23.9685 0
0 -1 24.3754 0
0 -0.9 24.618 0
0 -0.8 24.7049 0
0 -0.7 24.645 0
0 -0.6 24.4477 0
0 -0.5 24.123 0
0 -0.4 23.6806 0
0 -0.3 23.1308 0
0 -0.2 22.4837 0
0 -0.1 21.7494 0
0 0 20.9381 0
0 0.1 20.0598 0
0 0.2 19.1245 0
0 0.3 18.1419 0
0 0.4 17.1216 0
0 0.5 16.0731 0
0 0.6 15.0056 0
0 0.7 13.9281 0
0 0.8 12.8493 0
0 0.9 11.7777 0
0 1 10.7212 0
0 1.1 9.68745 0
0 1.2 8.68365 0
0 1.3 7.71636 0
0 1.4 6.79148 0
0 1.5 5.91413 0
0 1.6 5.08853 0
0 1.7 4.31783 0
0 1.8 3.60395 0
0 1.9 2.94738 0
0 2 2.34694 0
0 2.1 1.79959 0
0 2.2 1.30018 0
0 2.3 0.841111 0
0 2.4 0.412136 0
0 2.5 -0 0

0.1 -2.5 0.00035 5.252
0.1 -2.4 2.92065 4.898
0.1 -2.3 5.74289 4.556
0.1 -2.2 8.434 4.226
0.1 -2.1 10.9678 3.908
0.1 -2 13.3241 3.602
0.1 -1.9 15.4883 3.308
0.1 -1.8 17.4502 3.026
0.1 -1.7 19.2039 2.756
0.1 -1.6 20.7467 2.498
0.1 -1.5 22.0792 2.252
0.1 -1.4 23.2041 2.018
0.1 -1.3 24.1263 1.796
0.1 -1.2 24.8522 1.586
0.1 -1.1 25.3897 1.388
0.1 -1 25.7476 1.202
0.1 -0.9 25.9354 1.028
0.1 -0.8 25.9634 0.866
0.1 -0.7 25.842 0.716
0.1 -0.6 25.5823 0.578
0.1 -0.5 25.195 0.452
0.1 -0.4 24.6913 0.338
0.1 -0.3 24.0822 0.236
0.1 -0.2 23.3785 0.146
0.1 -0.1 22.5911 0.068
0.1 0 21.7305 0.002
0.1 0.1 20.8073 -0.052
0.1 0.2 19.8315 -0.094
0.1 0.3 18.8131 -0.124
0.1 0.4 17.7617 -0.142
0.1 0.5 16.6868 -0.148
0.1 0.6 15.5973 -0.142
0.1 0.7 14.502 -0.124
0.1 0.8 13.4092 -0.094
0.1 0.9 12.3268 -0.052
0.1 1 11.2622 0.002
0.1 1.1 10.2224 0.068
0.1 1.2 9.21363 0.146
0.1 1.3 8.2416 0.236
0.1 1.4 7.31114 0.338
0.1 1.5 6.42624 0.452
0.1 1.6 5.58985 0.578
0.1 1.7 4.80373 0.716
0.1 1.8 4.06833 0.866
0.1 1.9 3.38255 1.028
0.1 2 2.74356 1.202
0.1 2.1 2.14656 1.388
0.1 2.2 1.58455 1.586
0.1 2.3 1.04806 1.796
0.1 2.4 0.524903 2.018
0.1 2.5 -0.00015 2.252

0.2 -2.5 0.0056 10.516
0.2 -2.4 3.30666 9.808
0.2 -2.3 6.44963 9.124
0.2 -2.2 9.40662 8.464
0.2 -2.1 12.1565 7.828
0.2 -2 14.684 7.216
0.2 -1.9 16.9793 6.628
0.2 -1.8 19.0367 6.064
0.2 -1.7 20.8546 5.524
0.2 -1.6 22.4345 5.008
0.2 -1.5 23.7805 4.516
0.2 -1.4 24.899 4.048
0.2 -1.3 25.7981 3.604
0.2 -1.2 26.4871 3.184
0.2 -1.1 26.9766 2.788
0.2 -1 27.2778 2.416
0.2 -0.9 27.4024 2.068
0.2 -0.8 27.3625 1.744
0.2 -0.7 27.1704 1.444
0.2 -0.6 26.8385 1.168
0.2 -0.5 26.379 0.916
0.2 -0.4 25.8041 0.688
0.2 -0.3 25.1257 0.484
0.2 -0.2 24.3556 0.304
0.2 -0.1 23.5052 0.148
0.2 0 22.5856 0.016
0.2 0.1 21.6078 -0.092
0.2 0.2 20.582 -0.176
0.2 0.3 19.5185 -0.236
0.2 0.4 18.4269 -0.272
0.2 0.5 17.3165 -0.284
0.2 0.6 16.1963 -0.272
0.2 0.7 15.0746 -0.236
0.2 0.8 13.9596 -0.176
0.2 0.9 12.8586 -0.092
0.2 1 11.7785 0.016
0.2 1.1 10.7256 0.148
0.2 1.2 9.70543 0.304
0.2 1.3 8.72289 0.484
0.2 1.4 7.78188 0.688
0.2 1.5 6.88534 0.916
0.2 1.6 6.03511 1.168
0.2 1.7 5.23176 1.444
0.2 1.8 4.47443 1.744
0.2 1.9 3.76066 2.068
0.2 2 3.08617 2.416
0.2 2.1 2.44465 2.788
0.2 2.2 1.82753 3.184
0.2 2.3 1.22373 3.604
0.2 2.4 0.619384 4.048
0.2 2.5 -0.0024 4.516

0.3 -2.5 0.02835 15.804
0.3 -2.4 3.75272 14.742
0.3 -2.3 7.25115 13.716
0.3 -2.2 10.5017 12.726
0.3 -2.1 13.4892 11.772
0.3 -2 16.2041 10.854
0.3 -1.9 18.6418 9.972
0.3 -1.8 20.8021 9.126
0.3 -1.7 22.6881 8.316
0.3 -1.6 24.306 7.542
0.3 -1.5 25.6642 6.804
0.3 -1.4 26.773 6.102
0.3 -1.3 27.6439 5.436
0.3 -1.2 28.2898 4.806
0.3 -1.1 28.724 4.212
0.3 -1 28.9605 3.654
0.3 -0.9 29.0132 3.132
0.3 -0.8 28.8964 2.646
0.3 -0.7 28.6243 2.196
0.3 -0.6 28.2106 1.782
0.3 -0.5 27.6692 1.404
0.3 -0.4 27.0134 1.062
0.3 -0.3 26.2561 0.756
0.3 -0.2 25.4099 0.486
0.3 -0.1 24.487 0.252
0.3 0 23.4989 0.054
0.3 0.1 22.4571 -0.108
0.3 0.2 21.3721 -0.234
0.3 0.3 20.2543 -0.324
0.3 0.4 19.1135 -0.378
0.3 0.5 17.9589 -0.396
0.3 0.6 16.7994 -0.378
0.3 0.7 15.6431 -0.324
0.3 0.8 14.4977 -0.234
0.3 0.9 13.3703 -0.108
0.3 1 12.2674 0.054
0.3 1.1 11.1945 0.252
0.3 1.2 10.1566 0.486
0.3 1.3 9.15782 0.756
0.3 1.4 8.20125 1.062
0.3 1.5 7.28896 1.404
0.3 1.6 6.4218 1.782
0.3 1.7 5.59931 2.196
0.3 1.8 4.81953 2.646
0.3 1.9 4.07881 3.132
0.3 2 3.37165 3.654
0.3 2.1 2.69047 4.212
0.3 2.2 2.02536 4.806
0.3 2.3 1.36389 5.436
0.3 2.4 0.690825 6.102
0.3 2.5 -0.01215 6.804

0.4 -2.5 0.0896 21.128
0.4 -2.4 4.2773 19.712
0.4 -2.3 8.16337 18.344
0.4 -2.2 11.7328 17.024
0.4 -2.1 14.9769 15.752
0.4 -2 17.8928 14.528
0.4 -1.9 20.4821 13.352
0.4 -1.8 22.7505 12.224
0.4 -1.7 24.7067 11.144
0.4 -1.6 26.3619 10.112
0.4 -1.5 27.7294 9.128
0.4 -1.4 28.8237 8.192
0.4 -1.3 29.6605 7.304
0.4 -1.2 30.2562 6.464
0.4 -1.1 30.6272 5.672
0.4 -1 30.7903 4.928
0.4 -0.9 30.7622 4.232
0.4 -0.8 30.5593 3.584
0.4 -0.7 30.1976 2.984
0.4 -0.6 29.6927 2.432
0.4 -0.5 29.0599 1.928
0.4 -0.4 28.3136 1.472
0.4 -0.3 27.4679 1.064
0.4 -0.2 26.5361 0.704
0.4 -0.1 25.5313 0.392
0.4 0 24.4655 0.128
0.4 0.1 23.3505 -0.088
0.4 0.2 22.1973 -0.256
0.4 0.3 21.0164 -0.376
0.4 0.4 19.8176 -0.448
0.4 0.5 18.6102 -0.472
0.4 0.6 17.403 -0.448
0.4 0.7 16.2038 -0.376
0.4 0.8 15.0202 -0.256
0.4 0.9 13.8588 -0.088
0.4 1 12.7256 0.128
0.4 1.1 11.6258 0.392
0.4 1.2 10.5638 0.704
0.4 1.3 9.54297 1.064
0.4 1.4 8.56574 1.472
0.4 1.5 7.6334 1.928
0.4 1.6 6.74601 2.432
0.4 1.7 5.9022 2.984
0.4 1.8 5.09909 3.584
0.4 1.9 4.33207 4.232
0.4 2 3.59461 4.928
0.4 2.1 2.87807 5.672
0.4 2.2 2.17149 6.464
0.4 2.3 1.4613 7.304
0.4 2.4 0.731152 8.192
0.4 2.5 -0.0384 9.128

0.5 -2.5 0.21875 26.5
0.5 -2.4 4.90643 24.73
0.5 -2.3 9.20886 23.02
0.5 -2.2 13.1188 21.37
0.5 -2.1 16.6353 19.78
0.5 -2 19.7628 18.25
0.5 -1.9 22.5099 16.78
0.5 -1.8 24.8889 15.37
0.5 -1.7 26.9148 14.02
0.5 -1.6 28.6044 12.73
0.5 -1.5 29.9764 11.5
0.5 -1.4 31.05 10.33
0.5 -1.3 31.8453 9.22
0.5 -1.2 32.3825 8.17
0.5 -1.1 32.6814 7.18
0.5 -1 32.7621 6.25
0.5 -0.9 32.6437 5.38
0.5 -0.8 32.3451 4.57
0.5 -0.7 31.8842 3.82
0.5 -0.6 31.2785 3.13
0.5 -0.5 30.5447 2.5
0.5 -0.4 29.6984 1.93
0.5 -0.3 28.7549 1.42
0.5 -0.2 27.7285 0.97
0.5 -0.1 26.6326 0.58
0.5 0 25.4801 0.25
0.5 0.1 24.283 -0.02
0.5 0.2 23.0528 -0.23
0.5 0.3 21.8001 -0.38
0.5 0.4 20.5348 -0.47
0.5 0.5 19.2662 -0.5
0.5 0.6 18.0029 -0.47
0.5 0.7 16.7528 -0.38
0.5 0.8 15.523 -0.23
0.5 0.9 14.32 -0.02
0.5 1 13.1492 0.25
0.5 1.1 12.0155 0.58
0.5 1.2 10.9228 0.97
0.5 1.3 9.87387 1.42
0.5 1.4 8.8706 1.93
0.5 1.5 7.91363 2.5
0.5 1.6 7.0023 3.13
0.5 1.7 6.13455 3.82
0.5 1.8 5.30673 4.57
0.5 1.9 4.51345 5.38
0.5 2 3.74736 6.25
0.5 2.1 2.99901 7.18
0.5 2.2 2.25657 8.17
0.5 2.3 1.50563 9.22
0.5 2.4 0.728963 10.33
0.5 2.5 -0.09375 11.5

0.6 -2.5 0.4536 31.932
0.6 -2.4 5.67353 29.808
0.6 -2.3 10.4167 27.756
0.6 -2.2 14.6846 25.776
0.6 -2.1 18.4851 23.868
0.6 -2 21.8307 22.032
0.6 -1.9 24.7381 20.268
0.6 -1.8 27.2268 18.576
0.6 -1.7 29.3188 16.956
0.6 -1.6 31.0374 15.408
0.6 -1.5 32.4067 13.932
0.6 -1.4 33.4514 12.528
0.6 -1.3 34.1962 11.196
0.6 -1.2 34.6652 9.936
0.6 -1.1 34.8823 8.748
0.6 -1 34.8704 7.632
0.6 -0.9 34.6517 6.588
0.6 -0.8 34.2473 5.616
0.6 -0.7 33.6775 4.716
0.6 -0.6 32.9612 3.888
0.6 -0.5 32.1168 3.132
0.6 -0.4 31.1613 2.448
0.6 -0.3 30.1108 1.836
0.6 -0.2 28.9805 1.296
0.6 -0.1 27.7847 0.828
0.6 0 26.5367 0.432
0.6 0.1 25.2489 0.108
0.6 0.2 23.9332 -0.144
0.6 0.3 22.6001 -0.324
0.6 0.4 21.26 -0.432
0.6 0.5 19.9219 -0.468
0.6 0.6 18.5944 -0.432
0.6 0.7 17.2853 -0.324
0.6 0.8 16.0014 -0.144
0.6 0.9 14.749 0.108
0.6 1 13.5332 0.432
0.6 1.1 12.3585 0.828
0.6 1.2 11.2282 1.296
0.6 1.3 10.1449 1.836
0.6 1.4 9.10987 2.448
0.6 1.5 8.1232 3.132
0.6 1.6 7.18371 3.888
0.6 1.7 6.28877 4.716
0.6 1.8 5.43414 5.616
0.6 1.9 4.61382 6.588
0.6 2 3.81988 7.632
0.6 2.1 3.04223 8.748
0.6 2.2 2.26844 9.936
0.6 2.3 1.48349 11.196
0.6 2.4 0.66952 12.528
0.6 2.5 -0.1944 13.932

0.7 -2.5 0.84035 37.436
0.7 -2.4 6.61937 34.958
0.7 -2.3 11.8221 32.564
0.7 -2.2 16.4602 30.254
0.7 -2.1 20.551 28.028
0.7 -2 24.1165 25.886
0.7 -1.9 27.1822 23.828
0.7 -1.8 29.7758 21.854
0.7 -1.7 31.9268 19.964
0.7 -1.6 33.6655 18.158
0.7 -1.5 35.0223 16.436
0.7 -1.4 36.0275 14.798
0.7 -1.3 36.7107 13.244
0.7 -1.2 37.1006 11.774
0.7 -1.1 37.2246 10.388
0.7 -1 37.1093 9.086
0.7 -0.9 36.7795 7.868
0.7 -0.8 36.2589 6.734
0.7 -0.7 35.5699 5.684
0.7 -0.6 34.7333 4.718
0.7 -0.5 33.7687 3.836
0.7 -0.4 32.6946 3.038
0.7 -0.3 31.5281 2.324
0.7 -0.2 30.2852 1.694
0.7 -0.1 28.9807 1.148
0.7 0 27.6287 0.686
0.7 0.1 26.2418 0.308
0.7 0.2 24.8321 0.014
0.7 0.3 23.4106 -0.196
0.7 0.4 21.9873 -0.322
0.7 0.5 20.5716 -0.364
0.7 0.6 19.1719 -0.322
0.7 0.7 17.7957 -0.196
0.7 0.8 16.4499 0.014
0.7 0.9 15.1403 0.308
0.7 1 13.8718 0.686
0.7 1.1 12.6486 1.148
0.7 1.2 11.4738 1.694
0.7 1.3 10.3494 2.324
0.7 1.4 9.27628 3.038
0.7 1.5 8.25426 3.836
0.7 1.6 7.28169 4.718
0.7 1.7 6.35551 5.684
0.7 1.8 5.47106 6.734
0.7 1.9 4.62193 7.868
0.7 2 3.79977 9.086
0.7 2.1 2.99411 10.388
0.7 2.2 2.19212 11.774
0.7 2.3 1.37841 13.244
0.7 2.4 0.534746 14.798
0.7 2.5 -0.36015 16.436

0.8 -2.5 1.4336 43.024
0.8 -2.4 7.79194 40.192
0.8 -2.3 13.4666 37.456
0.8 -2.2 18.4805 34.816
0.8 -2.1 22.862 32.272
0.8 -2 26.6434 29.824
0.8 -1.9 29.8601 27.472
0.8 -1.8 32.5489 25.216
0.8 -1.7 34.7476 23.056
0.8 -1.6 36.4939 20.992
0.8 -1.5 37.8253 19.024
0.8 -1.4 38.7777 17.152
0.8 -1.3 39.3862 15.376
0.8 -1.2 39.6839 13.696
0.8 -1.1 39.7025 12.112
0.8 -1 39.4717 10.624
0.8 -0.9 39.0194 9.232
0.8 -0.8 38.3717 7.936
0.8 -0.7 37.553 6.736
0.8 -0.6 36.586 5.632
0.8 -0.5 35.4918 4.624
0.8 -0.4 34.29 3.712
0.8 -0.3 32.9986 2.896
0.8 -0.2 31.6344 2.176
0.8 -0.1 30.2129 1.552
0.8 0 28.7486 1.024
0.8 0.1 27.2545 0.592
0.8 0.2 25.7428 0.256
0.8 0.3 24.2247 0.016
0.8 0.4 22.7104 -0.128
0.8 0.5 21.209 -0.176
0.8 0.6 19.729 -0.128
0.8 0.7 18.2778 0.016
0.8 0.8 16.862 0.256
0.8 0.9 15.4872 0.592
0.8 1 14.1583 1.024
0.8 1.1 12.8789 1.552
0.8 1.2 11.652 2.176
0.8 1.3 10.4792 2.896
0.8 1.4 9.36125 3.712
0.8 1.5 8.29752 4.624
0.8 1.6 7.28611 5.632
0.8 1.7 6.32368 6.736
0.8 1.8 5.40532 7.936
0.8 1.9 4.52438 9.232
0.8 2 3.67231 10.624
0.8 2.1 2.83844 12.112
0.8 2.2 2.00979 13.696
0.8 2.3 1.17083 15.376
0.8 2.4 0.303227 17.152
0.8 2.5 -0.6144 19.024

0.9 -2.5 2.29635 48.708
0.9 -2.4 9.2463 45.522
0.9 -2.3 15.3973 42.444
0.9 -2.2 20.7851 39.474
0.9 -2.1 25.4502 36.612
0.9 -2 29.4369 33.858
0.9 -1.9 32.7911 31.212
0.9 -1.8 35.5599 28.674
0.9 -1.7 37.79 26.244
0.9 -1.6 39.5275 23.922
0.9 -1.5 40.8168 21.708
0.9 -1.4 41.7004 19.602
0.9 -1.3 42.2186 17.604
0.9 -1.2 42.4095 15.714
0.9 -1.1 42.3087 13.932
0.9 -1 41.9494 12.258
0.9 -0.9 41.3623 10.692
0.9 -0.8 40.5761 9.234
0.9 -0.7 39.6171 7.884
0.9 -0.6 38.5097 6.642
0.9 -0.5 37.2764 5.508
0.9 -0.4 35.9377 4.482
0.9 -0.3 34.5128 3.564
0.9 -0.2 33.0191 2.754
0.9 -0.1 31.4725 2.052
0.9 0 29.888 1.458
0.9 0.1 28.2788 0.972
0.9 0.2 26.6574 0.594
0.9 0.3 25.035 0.324
0.9 0.4 23.4217 0.162
0.9 0.5 21.8268 0.108
0.9 0.6 20.2586 0.162
0.9 0.7 18.7244 0.324
0.9 0.8 17.2305 0.594
0.9 0.9 15.7825 0.972
0.9 1 14.3849 1.458
0.9 1.1 13.0413 2.052
0.9 1.2 11.7542 2.754
0.9 1.3 10.5253 3.564
0.9 1.4 9.35488 4.482
0.9 1.5 8.24221 5.508
0.9 1.6 7.18521 6.642
0.9 1.7 6.18041 7.884
0.9 1.8 5.2228 9.234
0.9 1.9 4.30565 10.692
0.9 2 3.42041 12.258
0.9 2.1 2.55643 13.932
0.9 2.2 1.70081 15.714
0.9 2.3 0.838129 17.604
0.9 2.4 -0.049785 19.602
0.9 2.5 -0.98415 21.708

1 -2.5 3.5 54.5
1 -2.4 11.0444 50.96
1 -2.3 17.6669 47.54
1 -2.2 23.4176 44.24
1 -2.1 28.351 41.06
1 -2 32.5242 38
1 -1.9 35.9955 35.06
1 -1.8 38.8228 32.24
1 -1.7 41.0628 29.54
1 -1.6 42.7702 26.96
1 -1.5 43.997 24.5
1 -1.4 44.7924 22.16
1 -1.3 45.2023 19.94
1 -1.2 45.2697 17.84
1 -1.1 45.0341 15.86
1 -1 44.5321 14
1 -0.9 43.7974 12.26
1 -0.8 42.8609 10.64
1 -0.7 41.7507 9.14
1 -0.6 40.4929 7.76
1 -0.5 39.1111 6.5
1 -0.4 37.627 5.36
1 -0.3 36.0603 4.34
1 -0.2 34.429 3.44
1 -0.1 32.7497 2.66
1 0 31.0374 2
1 0.1 29.3057 1.46
1 0.2 27.567 1.04
1 0.3 25.8328 0.74
1 0.4 24.113 0.56
1 0.5 22.4169 0.5
1 0.6 20.7526 0.56
1 0.7 19.1273 0.74
1 0.8 17.5472 1.04
1 0.9 16.0177 1.46
1 1 14.543 2
1 1.1 13.1266 2.66
1 1.2 11.7709 3.44
1 1.3 10.4772 4.34
1 1.4 9.24593 5.36
1 1.5 8.07613 6.5
1 1.6 6.96569 7.76
1 1.7 5.91112 9.14
1 1.8 4.90746 10.64
1 1.9 3.9481 12.26
1 2 3.02465 14
1 2.1 2.12673 15.86
1 2.2 1.24174 17.84
1 2.3 0.354626 19.94
1 2.4 -0.552366 22.16
1 2.5 -1.5 24.5

1.1 -2.5 5.12435 60.412
1.1 -2.4 13.2548 56.518
1.1 -2.3 20.3329 52.756
1.1 -2.2 26.425 49.126
1.1 -2.1 31.6013 45.628
1.1 -2 35.9335 42.262
1.1 -1.9 39.4933 39.028
1.1 -1.8 42.3506 35.926
1.1 -1.7 44.5728 32.956
1.1 -1.6 46.2237 30.118
1.1 -1.5 47.3636 27.412
1.1 -1.4 48.0482 24.838
1.1 -1.3 48.3292 22.396
1.1 -1.2 48.2544 20.086
1.1 -1.1 47.8673 17.908
1.1 -1 47.2076 15.862
1.1 -0.9 46.3118 13.948
1.1 -0.8 45.2128 12.166
1.1 -0.7 43.9406 10.516
1.1 -0.6 42.5225 8.998
1.1 -0.5 40.9832 7.612
1.1 -0.4 39.3452 6.358
1.1 -0.3 37.6288 5.236
1.1 -0.2 35.8526 4.246
1.1 -0.1 34.0333 3.388
1.1 0 32.1861 2.662
1.1 0.1 30.3248 2.068
1.1 0.2 28.4619 1.606
1.1 0.3 26.6086 1.276
1.1 0.4 24.7751 1.078
1.1 0.5 22.9702 1.012
1.1 0.6 21.202 1.078
1.1 0.7 19.4776 1.276
1.1 0.8 17.803 1.606
1.1 0.9 16.1833 2.068
1.1 1 14.6227 2.662
1.1 1.1 13.1245 3.388
1.1 1.2 11.691 4.246
1.1 1.3 10.3234 5.236
1.1 1.4 9.0219 6.358
1.1 1.5 7.7857 7.612
1.1 1.6 6.6127 8.998
1.1 1.7 5.49952 10.516
1.1 1.8 4.44141 12.166
1.1 1.9 3.43203 13.948
1.1 2 2.46337 15.862
1.1 2.1 1.5255 17.908
1.1 2.2 0.606385 20.086
1.1 2.3 -0.308397 22.396
1.1 2.4 -1.2359 24.838
1.1 2.5 -2.19615 27.412

1.2 -2.5 7.2576 66.456
1.2 -2.4 15.9526 62.208
1.2 -2.3 23.4573 58.104
1.2 -2.2 29.8569 54.144
1.2 -2.1 35.2393 50.328
1.2 -2 39.6927 46.656
1.2 -1.9 43.3033 43.128
1.2 -1.8 46.1543 39.744
1.2 -1.7 48.3244 36.504
1.2 -1.6 49.8873 33.408
1.2 -1.5 50.9113 30.456
1.2 -1.4 51.4591 27.648
1.2 -1.3 51.5881 24.984
1.2 -1.2 51.3506 22.464
1.2 -1.1 50.7938 20.088
1.2 -1 49.9607 17.856
1.2 -0.9 48.8899 15.768
1.2 -0.8 47.6163 13.824
1.2 -0.7 46.1713 12.024
1.2 -0.6 44.5833 10.368
1.2 -0.5 42.8779 8.856
1.2 -0.4 41.0782 7.488
1.2 -0.3 39.2049 6.264
1.2 -0.2 37.2768 5.184
1.2 -0.1 35.3108 4.248
1.2 0 33.3223 3.456
1.2 0.1 31.3249 2.808
1.2 0.2 29.3312 2.304
1.2 0.3 27.3521 1.944
1.2 0.4 25.3976 1.728
1.2 0.5 23.4766 1.656
1.2 0.6 21.5969 1.728
1.2 0.7 19.7654 1.944
1.2 0.8 17.9878 2.304
1.2 0.9 16.2692 2.808
1.2 1 14.6135 3.456
1.2 1.1 13.024 4.248
1.2 1.2 11.5027 5.184
1.2 1.3 10.051 6.264
1.2 1.4 8.66902 7.488
1.2 1.5 7.35596 8.856
1.2 1.6 6.1099 10.368
1.2 1.7 4.92771 12.024
1.2 1.8 3.80495 13.824
1.2 1.9 2.73576 15.768
1.2 2 1.71267 17.856
1.2 2.1 0.726445 20.088
1.2 2.2 -0.234163 22.464
1.2 2.3 -1.18265 24.984
1.2 2.4 -2.13508 27.648
1.2 2.5 -3.1104 30.456

1.3 -2.5 9.99635 72.644
1.3 -2.4 19.2186 68.042
1.3 -2.3 27.1058 63.596
1.3 -2.2 33.7647 59.306
1.3 -2.1 39.3032 55.172
1.3 -2 43.828 51.194
1.3 -1.9 47.4416 47.372
1.3 -1.8 50.2415 43.706
1.3 -1.7 52.3182 40.196
1.3 -1.6 53.7557 36.842
1.3 -1.5 54.6305 33.644
1.3 -1.4 55.0122 30.602
1.3 -1.3 54.9636 27.716
1.3 -1.2 54.5413 24.986
1.3 -1.1 53.7959 22.412
1.3 -1 52.7729 19.994
1.3 -0.9 51.5131 17.732
1.3 -0.8 50.0529 15.626
1.3 -0.7 48.4247 13.676
1.3 -0.6 46.6579 11.882
1.3 -0.5 44.7784 10.244
1.3 -0.4 42.8098 8.762
1.3 -0.3 40.7731 7.436
1.3 -0.2 38.687 6.266
1.3 -0.1 36.5685 5.252
1.3 0 34.4327 4.394
1.3 0.1 32.2934 3.692
1.3 0.2 30.1626 3.146
1.3 0.3 28.0514 2.756
1.3 0.4 25.9694 2.522
1.3 0.5 23.9252 2.444
1.3 0.6 21.9264 2.522
1.3 0.7 19.9796 2.756
1.3 0.8 18.0906 3.146
1.3 0.9 16.2639 3.692
1.3 1 14.5036 4.394
1.3 1.1 12.8127 5.252
1.3 1.2 11.1931 6.266
1.3 1.3 9.64625 7.436
1.3 1.4 8.17232 8.762
1.3 1.5 6.77065 10.244
1.3 1.6 5.43954 11.882
1.3 1.7 4.17621 13.676
1.3 1.8 2.97669 15.626
1.3 1.9 1.83571 17.732
1.3 2 0.74655 19.994
1.3 2.1 -0.299114 22.412
1.3 2.2 -1.31147 24.986
1.3 2.3 -2.30281 27.716
1.3 2.4 -3.28786 30.602
1.3 2.5 -4.28415 33.644

1.4 -2.5 13.4456 78.988
1.4 -2.4 23.1391 74.032
1.4 -2.3 31.3467 69.244
1.4 -2.2 38.1997 64.624
1.4 -2.1 43.8292 60.172
1.4 -2 48.3625 55.888
1.4 -1.9 51.9201 51.772
1.4 -1.8 54.6146 47.824
1.4 -1.7 56.5493 44.044
1.4 -1.6 57.8184 40.432
1.4 -1.5 58.5065 36.988
1.4 -1.4 58.6896 33.712
1.4 -1.3 58.4358 30.604
1.4 -1.2 57.8051 27.664
1.4 -1.1 56.8514 24.892
1.4 -1 55.6221 22.288
1.4 -0.9 54.1595 19.852
1.4 -0.8 52.5011 17.584
1.4 -0.7 50.6801 15.484
1.4 -0.6 48.7262 13.552
1.4 -0.5 46.6657 11.788
1.4 -0.4 44.522 10.192
1.4 -0.3 42.3162 8.764
1.4 -0.2 40.0669 7.504
1.4 -0.1 37.7908 6.412
1.4 0 35.5028 5.488
1.4 0.1 33.2163 4.732
1.4 0.2 30.9432 4.144
1.4 0.3 28.694 3.724
1.4 0.4 26.4781 3.472
1.4 0.5 24.3039 3.388
1.4 0.6 22.1787 3.472
1.4 0.7 20.1087 3.724
1.4 0.8 18.0994 4.144
1.4 0.9 16.1555 4.732
1.4 1 14.2805 5.488
1.4 1.1 12.4774 6.412
1.4 1.2 10.7482 7.504
1.4 1.3 9.0942 8.764
1.4 1.4 7.51573 10.192
1.4 1.5 6.01233 11.788
1.4 1.6 4.58258 13.552
1.4 1.7 3.22415 15.484
1.4 1.8 1.93363 17.584
1.4 1.9 0.706504 19.852
1.4 2 -0.463005 22.288
1.4 2.1 -1.5821 24.892
1.4 2.2 -2.65965 27.664
1.4 2.3 -3.70641 30.604
1.4 2.4 -4.73543 33.712
1.4 2.5 -5.7624 36.988

1.5 -2.5 17.7188 85.5
1.5 -2.4 27.8054 80.19
1.5 -2.3 36.2496 75.06
1.5 -2.2 43.2119 70.11
1.5 -2.1 48.8498 65.34
1.5 -2 53.3138 60.75
1.5 -1.9 56.744 56.34
1.5 -1.8 59.2692 52.11
1.5 -1.7 61.0057 48.06
1.5 -1.6 62.0576 44.19
1.5 -1.5 62.5174 40.5
1.5 -1.4 62.4671 36.99
1.5 -1.3 61.9786 33.66
1.5 -1.2 61.1155 30.51
1.5 -1.1 59.9335 27.54
1.5 -1 58.4817 24.75
1.5 -0.9 56.8032 22.14
1.5 -0.8 54.936 19.71
1.5 -0.7 52.9136 17.46
1.5 -0.6 50.7656 15.39
1.5 -0.5 48.5181 13.5
1.5 -0.4 46.1945 11.79
1.5 -0.3 43.8152 10.26
1.5 -0.2 41.3986 8.91
1.5 -0.1 38.9609 7.74
1.5 0 36.5166 6.75
1.5 0.1 34.0786 5.94
1.5 0.2 31.6583 5.31
1.5 0.3 29.2659 4.86
1.5 0.4 26.9105 4.59
1.5 0.5 24.5998 4.5
1.5 0.6 22.3409 4.59
1.5 0.7 20.1398 4.86
1.5 0.8 18.0016 5.31
1.5 0.9 15.9307 5.94
1.5 1 13.9306 6.75
1.5 1.1 12.004 7.74
1.5 1.2 10.1531 8.91
1.5 1.3 8.37895 10.26
1.5 1.4 6.68216 11.79
1.5 1.5 5.06246 13.5
1.5 1.6 3.5188 15.39
1.5 1.7 2.04932 17.46
1.5 1.8 0.651329 19.71
1.5 1.9 -0.678836 22.14
1.5 2 -1.94585 24.75
1.5 2.1 -3.15557 27.54
1.5 2.2 -4.31525 30.51
1.5 2.3 -5.4338 33.66
1.5 2.4 -6.52215 36.99
1.5 2.5 -7.59375 40.5

1.6 -2.5 22.9376 92.192
1.6 -2.4 33.3123 86.528
1.6 -2.3 41.8839 81.056
1.6 -2.2 48.8474 75.776
1.6 -2.1 54.391 70.688
1.6 -2 58.6912 65.792
1.6 -1.9 61.9095 61.088
1.6 -1.8 64.1914 56.576
1.6 -1.7 65.666 52.256
1.6 -1.6 66.4469 48.128
1.6 -1.5 66.6336 44.192
1.6 -1.4 66.3126 40.448
1.6 -1.3 65.5595 36.896
1.6 -1.2 64.4396 33.536
1.6 -1.1 63.01 30.368
1.6 -1 61.3205 27.392
1.6 -0.9 59.4142 24.608
1.6 -0.8 57.329 22.016
1.6 -0.7 55.098 19.616
1.6 -0.6 52.7505 17.408
1.6 -0.5 50.3118 15.392
1.6 -0.4 47.8047 13.568
1.6 -0.3 45.249 11.936
1.6 -0.2 42.6623 10.496
1.6 -0.1 40.0602 9.248
1.6 0 37.4566 8.192
1.6 0.1 34.8637 7.328
1.6 0.2 32.2925 6.656
1.6 0.3 29.7524 6.176
1.6 0.4 27.2521 5.888
1.6 0.5 24.7989 5.792
1.6 0.6 22.3994 5.888
1.6 0.7 20.0593 6.176
1.6 0.8 17.7834 6.656
1.6 0.9 15.5757 7.328
1.6 1 13.4396 8.192
1.6 1.1 11.3777 9.248
1.6 1.2 9.39201 10.496
1.6 1.3 7.48376 11.936
1.6 1.4 5.65361 13.568
1.6 1.5 3.90155 15.392
1.6 1.6 2.22692 17.408
1.6 1.7 0.628423 19.616
1.6 1.8 -0.895903 22.016
1.6 1.9 -2.34873 24.608
1.6 2 -3.73349 27.392
1.6 2.1 -5.05449 30.368
1.6 2.2 -6.31709 33.536
1.6 2.3 -7.52797 36.896
1.6 2.4 -8.69553 40.448
1.6 2.5 -9.8304 44.192

1.7 -2.5 29.2324 99.076
1.7 -2.4 39.7571 93.058
1.7 -2.3 48.3159 87.244
1.7 -2.2 55.1451 81.634
1.7 -2.1 60.4687 76.228
1.7 -2 64.4925 71.026
1.7 -1.9 67.4006 66.028
1.7 -1.8 69.3552 61.234
1.7 -1.7 70.4974 56.644
1.7 -1.6 70.9493 52.258
1.7 -1.5 70.8155 48.076
1.7 -1.4 70.186 44.098
1.7 -1.3 69.1381 40.324
1.7 -1.2 67.738 36.754
1.7 -1.1 66.0429 33.388
1.7 -1 64.102 30.226
1.7 -0.9 61.9579 27.268
1.7 -0.8 59.6475 24.514
1.7 -0.7 57.203 21.964
1.7 -0.6 54.6523 19.618
1.7 -0.5 52.0201 17.476
1.7 -0.4 49.3278 15.538
1.7 -0.3 46.5943 13.804
1.7 -0.2 43.8363 12.274
1.7 -0.1 41.0685 10.948
1.7 0 38.3039 9.826
1.7 0.1 35.554 8.908
1.7 0.2 32.8288 8.194
1.7 0.3 30.1374 7.684
1.7 0.4 27.4876 7.378
1.7 0.5 24.8864 7.276
1.7 0.6 22.3398 7.378
1.7 0.7 19.8529 7.684
1.7 0.8 17.4304 8.194
1.7 0.9 15.0758 8.908
1.7 1 12.7925 9.826
1.7 1.1 10.5827 10.948
1.7 1.2 8.44853 12.274
1.7 1.3 6.39112 13.804
1.7 1.4 4.41129 15.538
1.7 1.5 2.50928 17.476
1.7 1.6 0.68482 19.618
1.7 1.7 -1.06281 21.964
1.7 1.8 -2.7348 24.514
1.7 1.9 -4.33277 27.268
1.7 2 -5.85881 30.226
1.7 2.1 -7.31548 33.388
1.7 2.2 -8.706 36.754
1.7 2.3 -10.0344 40.324
1.7 2.4 -11.3061 44.098
1.7 2.5 -12.5282 48.076

1.8 -2.5 36.7416 106.164
1.8 -2.4 47.2371 99.792
1.8 -2.3 55.6049 93.636
1.8 -2.2 62.1319 87.696
1.8 -2.1 67.0841 81.972
1.8 -2 70.6992 76.464
1.8 -1.9 73.1848 71.172
1.8 -1.8 74.7189 66.096
1.8 -1.7 75.4529 61.236
1.8 -1.6 75.5147 56.592
1.8 -1.5 75.0122 52.164
1.8 -1.4 74.0368 47.952
1.8 -1.3 72.6656 43.956
1.8 -1.2 70.964 40.176
1.8 -1.1 68.9878 36.612
1.8 -1 66.7846 33.264
1.8 -0.9 64.3953 30.132
1.8 -0.8 61.8551 27.216
1.8 -0.7 59.1944 24.516
1.8 -0.6 56.4396 22.032
1.8 -0.5 53.6137 19.764
1.8 -0.4 50.7367 17.712
1.8 -0.3 47.8261 15.876
1.8 -0.2 44.8974 14.256
1.8 -0.1 41.9642 12.852
1.8 0 39.0383 11.664
1.8 0.1 36.1303 10.692
1.8 0.2 33.2495 9.936
1.8 0.3 30.4039 9.396
1.8 0.4 27.6009 9.072
1.8 0.5 24.8465 8.964
1.8 0.6 22.1465 9.072
1.8 0.7 19.5054 9.396
1.8 0.8 16.9273 9.936
1.8 0.9 14.4158 10.692
1.8 1 11.9735 11.664
1.8 1.1 9.60278 12.852
1.8 1.2 7.30548 14.256
1.8 1.3 5.08285 15.876
1.8 1.4 2.93577 17.712
1.8 1.5 0.864684 19.764
1.8 1.6 -1.13028 22.032
1.8 1.7 -3.04932 24.516
1.8 1.8 -4.89285 27.216
1.8 1.9 -6.66143 30.132
1.8 2 -8.35574 33.264
1.8 2.1 -9.97652 36.612
1.8 2.2 -11.5246 40.176
1.8 2.3 -13.0009 43.956
1.8 2.4 -14.4072 47.952
1.8 2.5 -15.7464 52.164

1.9 -2.5 45.6124 113.468
1.9 -2.4 55.847 106.742
1.9 -2.3 63.7984 100.244
1.9 -2.2 69.8166 93.974
1.9 -2.1 74.2167 87.932
1.9 -2 77.2708 82.118
1.9 -1.9 79.2088 76.532
1.9 -1.8 80.2219 71.174
1.9 -1.7 80.4682 66.044
1.9 -1.6 80.0783 61.142
1.9 -1.5 79.1604 56.468
1.9 -1.4 77.8039 52.022
1.9 -1.3 76.0839 47.804
1.9 -1.2 74.0628 43.814
1.9 -1.1 71.7934 40.052
1.9 -1 69.3206 36.518
1.9 -0.9 66.6822 33.212
1.9 -0.8 63.911 30.134
1.9 -0.7 61.0348 27.284
1.9 -0.6 58.0777 24.662
1.9 -0.5 55.0607 22.268
1.9 -0.4 52.0019 20.102
1.9 -0.3 48.9173 18.164
1.9 -0.2 45.8206 16.454
1.9 -0.1 42.724 14.972
1.9 0 39.6382 13.718
1.9 0.1 36.5726 12.692
1.9 0.2 33.5355 11.894
1.9 0.3 30.534 11.324
1.9 0.4 27.5746 10.982
1.9 0.5 24.6628 10.868
1.9 0.6 21.8035 10.982
1.9 0.7 19.0009 11.324
1.9 0.8 16.2585 11.894
1.9 0.9 13.5794 12.692
1.9 1 10.9662 13.718
1.9 1.1 8.42092 14.972
1.9 1.2 5.94519 16.454
1.9 1.3 3.54028 18.164
1.9 1.4 1.20712 20.102
1.9 1.5 -1.05366 22.268
1.9 1.6 -3.24164 24.662
1.9 1.7 -5.35651 27.284
1.9 1.8 -7.398 30.134
1.9 1.9 -9.36568 33.212
1.9 2 -11.2589 36.518
1.9 2.1 -13.0764 40.052
1.9 2.2 -14.8166 43.814
1.9 2.3 -16.477 47.804
1.9 2.4 -18.055 52.022
1.9 2.5 -19.5482 56.468

2 -2.5 56 121
2 -2.4 65.6729 113.92
2 -2.3 72.9224 107.08
2 -2.2 78.1797 100.48
2 -2.1 81.8158 94.12
2 -2 84.1374 88
2 -1.9 85.3924 82.12
2 -1.8 85.7799 76.48
2 -1.7 85.4592 71.08
2 -1.6 84.5587 65.92
2 -1.5 83.1823 61
2 -1.4 81.4145 56.32
2 -1.3 79.3251 51.88
2 -1.2 76.9716 47.68
2 -1.1 74.4021 43.72
2 -1 71.6569 40
2 -0.9 68.77 36.52
2 -0.8 65.7705 33.28
2 -0.7 62.6831 30.28
2 -0.6 59.5291 27.52
2 -0.5 56.3268 25
2 -0.4 53.0921 22.72
2 -0.3 49.8388 20.68
2 -0.2 46.579 18.88
2 -0.1 43.3233 17.32
2 0 40.0807 16
2 0.1 36.8596 14.92
2 0.2 33.6668 14.08
2 0.3 30.5088 13.48
2 0.4 27.3909 13.12
2 0.5 24.3179 13
2 0.6 21.294 13.12
2 0.7 18.3228 13.48
2 0.8 15.4074 14.08
2 0.9 12.5503 14.92
2 1 9.75386 16
2 1.1 7.01977 17.32
2 1.2 4.34953 18.88
2 1.3 1.74433 20.68
2 1.4 -0.794931 22.72
2 1.5 -3.2675 25
2 1.6 -5.67272 27.52
2 1.7 -8.00994 30.28
2 1.8 -10.2783 33.28
2 1.9 -12.4765 36.52
2 2 -14.6028 40
2 2.1 -16.6542 43.72
2 2.2 -18.6264 47.68
2 2.3 -20.5135 51.88
2 2.4 -22.3077 56.32
2 2.5 -24 61

2.1 -2.5 68.0684 128.772
2.1 -2.4 76.7828 121.338
2.1 -2.3 82.968 114.156
2.1 -2.2 87.1593 107.226
2.1 -2.1 89.7884 100.548
2.1 -2 91.1905 94.122
2.1 -1.9 91.6224 87.948
2.1 -1.8 91.2812 82.026
2.1 -1.7 90.3192 76.356
2.1 -1.6 88.8558 70.938
2.1 -1.5 86.9854 65.772
2.1 -1.4 84.7836 60.858
2.1 -1.3 82.3117 56.196
2.1 -1.2 79.6197 51.786
2.1 -1.1 76.7493 47.628
2.1 -1 73.7348 43.722
2.1 -0.9 70.6052 40.068
2.1 -0.8 67.3851 36.666
2.1 -0.7 64.0953 33.516
2.1 -0.6 60.7536 30.618
2.1 -0.5 57.3753 27.972
2.1 -0.4 53.9736 25.578
2.1 -0.3 50.5601 23.436
2.1 -0.2 47.1447 21.546
2.1 -0.1 43.7361 19.908
2.1 0 40.3419 18.522
2.1 0.1 36.9688 17.388
2.1 0.2 33.6227 16.506
2.1 0.3 30.3086 15.876
2.1 0.4 27.0311 15.498
2.1 0.5 23.794 15.372
2.1 0.6 20.6007 15.498
2.1 0.7 17.4543 15.876
2.1 0.8 14.3571 16.506
2.1 0.9 11.3115 17.388
2.1 1 8.31911 18.522
2.1 1.1 5.38156 19.908
2.1 1.2 2.50005 21.546
2.1 1.3 -0.324378 23.436
2.1 1.4 -3.09087 25.578
2.1 1.5 -5.79867 27.972
2.1 1.6 -8.44702 30.618
2.1 1.7 -11.035 33.516
2.1 1.8 -13.5615 36.666
2.1 1.9 -16.0246 40.068
2.1 2 -18.4216 43.722
2.1 2.1 -20.7483 47.628
2.1 2.2 -22.9982 51.786
2.1 2.3 -25.1618 56.196
2.1 2.4 -27.2255 60.858
2.1 2.5 -29.1722 65.772

2.2 -2.5 81.9896 136.796
2.2 -2.4 89.2087 129.008
2.2 -2.3 93.8659 121.484
2.2 -2.2 96.6287 114.224
2.2 -2.1 97.9825 107.228
2.2 -2 98.2726 100.496
2.2 -1.9 97.7461 94.028
2.2 -1.8 96.5829 87.824
2.2 -1.7 94.9172 81.884
2.2 -1.6 92.8507 76.208
2.2 -1.5 90.4623 70.796
2.2 -1.4 87.8142 65.648
2.2 -1.3 84.9562 60.764
2.2 -1.2 81.9285 56.144
2.2 -1.1 78.7642 51.788
2.2 -1 75.4905 47.696
2.2 -0.9 72.1303 43.868
2.2 -0.8 68.7028 40.304
2.2 -0.7 65.2242 37.004
2.2 -0.6 61.7085 33.968
2.2 -0.5 58.1674 31.196
2.2 -0.4 54.6113 28.688
2.2 -0.3 51.0489 26.444
2.2 -0.2 47.4881 24.464
2.2 -0.1 43.9354 22.748
2.2 0 40.3968 21.296
2.2 0.1 36.8773 20.108
2.2 0.2 33.3814 19.184
2.2 0.3 29.9131 18.524
2.2 0.4 26.4758 18.128
2.2 0.5 23.0724 17.996
2.2 0.6 19.7056 18.128
2.2 0.7 16.3776 18.524
2.2 0.8 13.0903 19.184
2.2 0.9 9.84543 20.108
2.2 1 6.64434 21.296
2.2 1.1 3.48821 22.748
2.2 1.2 0.378032 24.464
2.2 1.3 -2.68538 26.444
2.2 1.4 -5.70129 28.688
2.2 1.5 -8.66902 31.196
2.2 1.6 -11.5878 33.968
2.2 1.7 -14.4568 37.004
2.2 1.8 -17.2747 40.304
2.2 1.9 -20.0394 43.868
2.2 2 -22.748 47.696
2.2 2.1 -25.3956 51.788
2.2 2.2 -27.9743 56.144
2.2 2.3 -30.4718 60.764
2.2 2.4 -32.8691 65.648
2.2 2.5 -35.1384 70.796

2.3 -2.5 97.9444 145.084
2.3 -2.4 102.906 136.942
2.3 -2.3 105.443 129.076
2.3 -2.2 106.365 121.486
2.3 -2.1 106.168 114.172
2.3 -2 105.166 107.134
2.3 -1.9 103.566 100.372
2.3 -1.8 101.509 93.886
2.3 -1.7 99.097 87.676
2.3 -1.6 96.4052 81.742
2.3 -1.5 93.4909 76.084
2.3 -1.4 90.3983 70.702
2.3 -1.3 87.1628 65.596
2.3 -1.2 83.8126 60.766
2.3 -1.1 80.3706 56.212
2.3 -1 76.8558 51.934
2.3 -0.9 73.2841 47.932
2.3 -0.8 69.6685 44.206
2.3 -0.7 66.0203 40.756
2.3 -0.6 62.349 37.582
2.3 -0.5 58.6626 34.684
2.3 -0.4 54.9682 32.062
2.3 -0.3 51.2718 29.716
2.3 -0.2 47.5786 27.646
2.3 -0.1 43.8932 25.852
2.3 0 40.2195 24.334
2.3 0.1 36.5611 23.092
2.3 0.2 32.9208 22.126
2.3 0.3 29.3015 21.436
2.3 0.4 25.7053 21.022
2.3 0.5 22.1344 20.884
2.3 0.6 18.5904 21.022
2.3 0.7 15.0749 21.436
2.3 0.8 11.5893 22.126
2.3 0.9 8.13452 23.092
2.3 1 4.71165 24.334
2.3 1.1 1.32145 25.852
2.3 1.2 -2.0354 27.646
2.3 1.3 -5.35831 29.716
2.3 1.4 -8.64677 32.062
2.3 1.5 -11.9002 34.684
2.3 1.6 -15.1182 37.582
2.3 1.7 -18.2998 40.756
2.3 1.8 -21.444 44.206
2.3 1.9 -24.5491 47.932
2.3 2 -27.6124 51.934
2.3 2.1 -30.6295 56.212
2.3 2.2 -33.5929 60.766
2.3 2.3 -36.4896 65.596
2.3 2.4 -39.2972 70.702
2.3 2.5 -41.9762 76.084

2.4 -2.5 116.122 153.648
2.4 -2.4 117.659 145.152
2.4 -2.3 117.346 136.944
2.4 -2.2 116.004 129.024
2.4 -2.1 114.017 121.392
2.4 -2 111.588 114.048
2.4 -1.9 108.839 106.992
2.4 -1.8 105.851 100.224
2.4 -1.7 102.68 93.744
2.4 -1.6 99.365 87.552
2.4 -1.5 95.9367 81.648
2.4 -1.4 92.4184 76.032
2.4 -1.3 88.8281 70.704
2.4 -1.2 85.1806 65.664
2.4 -1.1 81.4876 60.912
2.4 -1 77.7588 56.448
2.4 -0.9 74.0023 52.272
2.4 -0.8 70.2248 48.384
2.4 -0.7 66.432 44.784
2.4 -0.6 62.6287 41.472
2.4 -0.5 58.819 38.448
2.4 -0.4 55.0065 35.712
2.4 -0.3 51.1943 33.264
2.4 -0.2 47.3849 31.104
2.4 -0.1 43.5807 29.232
2.4 0 39.7837 27.648
2.4 0.1 35.9956 26.352
2.4 0.2 32.218 25.344
2.4 0.3 28.4522 24.624
2.4 0.4 24.6994 24.192
2.4 0.5 20.9605 24.048
2.4 0.6 17.2365 24.192
2.4 0.7 13.5281 24.624
2.4 0.8 9.83603 25.344
2.4 0.9 6.16082 26.352
2.4 1 2.50294 27.648
2.4 1.1 -1.13719 29.232
2.4 1.2 -4.75923 31.104
2.4 1.3 -8.36288 33.264
2.4 1.4 -11.9478 35.712
2.4 1.5 -15.5139 38.448
2.4 1.6 -19.0606 41.472
2.4 1.7 -22.5877 44.784
2.4 1.8 -26.0944 48.384
2.4 1.9 -29.5799 52.272
2.4 2 -33.0424 56.448
2.4 2.1 -36.4793 60.912
2.4 2.2 -39.8858 65.664
2.4 2.3 -43.2526 70.704
2.4 2.4 -46.5608 76.032
2.4 2.5 -49.7664 81.648

2.5 -2.5 136.719 162.5
2.5 -2.4 132.812 153.65
2.5 -2.3 128.906 145.1
2.5 -2.2 125 136.85
2.5 -2.1 121.094 128.9
2.5 -2 117.188 121.25
2.5 -1.9 113.281 113.9
2.5 -1.8 109.375 106.85
2.5 -1.7 105.469 100.1
2.5 -1.6 101.562 93.65
2.5 -1.5 97.6562 87.5
2.5 -1.4 93.75 81.65
2.5 -1.3 89.8438 76.1
2.5 -1.2 85.9375 70.85
2.5 -1.1 82.0312 65.9
2.5 -1 78.125 61.25
2.5 -0.9 74.2188 56.9
2.5 -0.8 70.3125 52.85
2.5 -0.7 66.4062 49.1
2.5 -0.6 62.5 45.65
2.5 -0.5 58.5938 42.5
2.5 -0.4 54.6875 39.65
2.5 -0.3 50.7812 37.1
2.5 -0.2 46.875 34.85
2.5 -0.1 42.9688 32.9
2.5 0 39.0625 31.25
2.5 0.1 35.1562 29.9
2.5 0.2 31.25 28.85
2.5 0.3 27.3438 28.1
2.5 0.4 23.4375 27.65
2.5 0.5 19.5312 27.5
2.5 0.6 15.625 27.65
2.5 0.7 11.7187 28.1
2.5 0.8 7.8125 28.85
2.5 0.9 3.90625 29.9
2.5 1 0 31.25
2.5 1.1 -3.90625 32.9
2.5 1.2 -7.8125 34.85
2.5 1.3 -11.7188 37.1
2.5 1.4 -15.625 39.65
2.5 1.5 -19.5312 42.5
2.5 1.6 -23.4375 45.65
2.5 1.7 -27.3438 49.1
2.5 1.8 -31.25 52.85
2.5 1.9 -35.1563 56.9
2.5 2 -39.0625 61.25
2.5 2.1 -42.9688 65.9
2.5 2.2 -46.875 70.85
2.5 2.3 -50.7813 76.1
2.5 2.4 -54.6875 81.65
2.5 2.5 -58.5938 87.5

